date,open,high,low,close,volume
1994-04-18,2.5,2.5,2.5,2.5,12000
1994-04-19,2.583333,2.583333,2.583333,2.583333,6000
1994-04-20,2.583333,2.583333,2.583333,2.583333,0
1994-04-21,2.583333,2.583333,2.583333,2.583333,0
1994-04-22,2.583333,2.583333,2.583333,2.583333,0
1994-04-25,2.583333,2.583333,2.583333,2.583333,0
1994-04-26,2.583333,2.583333,2.583333,2.583333,0
1994-04-28,2.583333,2.583333,2.583333,2.583333,0
1994-04-29,2.583333,2.583333,2.583333,2.583333,0
1994-05-02,2.583333,2.583333,2.583333,2.583333,0
1994-05-03,2.583333,2.583333,2.583333,2.583333,0
1994-05-04,2.583333,2.583333,2.583333,2.583333,0
1994-05-05,2.583333,2.583333,2.583333,2.583333,0
1994-05-06,2.583333,2.583333,2.583333,2.583333,0
1994-05-09,2.583333,2.583333,2.583333,2.583333,0
1994-05-10,2.583333,2.583333,2.583333,2.583333,0
1994-05-11,2.583333,2.583333,2.583333,2.583333,0
1994-05-12,2.583333,2.583333,2.583333,2.583333,0
1994-05-13,2.583333,2.583333,2.583333,2.583333,0
1994-05-16,2.583333,2.583333,2.583333,2.583333,0
1994-05-17,2.583333,2.583333,2.583333,2.583333,0
1994-05-18,2.583333,2.583333,2.583333,2.583333,0
1994-05-19,2.583333,2.583333,2.583333,2.583333,0
1994-05-20,2.583333,2.583333,2.583333,2.583333,0
1994-05-23,2.583333,2.583333,2.583333,2.583333,0
1994-05-24,2.583333,2.583333,2.583333,2.583333,0
1994-05-25,2.583333,2.583333,2.583333,2.583333,0
1994-05-26,2.583333,2.583333,2.583333,2.583333,0
1994-05-27,2.583333,2.583333,2.583333,2.583333,0
1994-05-31,2.583333,2.583333,2.583333,2.583333,0
1994-06-01,2.583333,2.583333,2.583333,2.583333,0
1994-06-02,2.583333,2.583333,2.583333,2.583333,0
1994-06-03,2.583333,2.583333,2.583333,2.583333,0
1994-06-06,2.583333,2.583333,2.583333,2.583333,0
1994-06-07,2.583333,2.583333,2.583333,2.583333,0
1994-06-08,2.583333,2.583333,2.583333,2.583333,0
1994-06-09,2.583333,2.583333,2.583333,2.583333,0
1994-06-10,2.583333,2.583333,2.583333,2.583333,0
1994-06-13,2.583333,2.583333,2.583333,2.583333,0
1994-06-14,2.583333,2.583333,2.583333,2.583333,0
1994-06-15,2.583333,2.583333,2.583333,2.583333,0
1994-06-16,2.583333,2.583333,2.583333,2.583333,0
1994-06-17,2.583333,2.583333,2.583333,2.583333,0
1994-06-20,2.583333,2.583333,2.583333,2.583333,0
1994-06-21,2.583333,2.583333,2.583333,2.583333,0
1994-06-22,2.583333,2.583333,2.583333,2.583333,0
1994-06-23,2.583333,2.583333,2.583333,2.583333,0
1994-06-24,2.583333,2.583333,2.583333,2.583333,0
1994-06-27,2.583333,2.583333,2.583333,2.583333,0
1994-06-28,2.583333,2.583333,2.583333,2.583333,0
1994-06-29,2.583333,2.583333,2.583333,2.583333,0
1994-06-30,2.583333,2.583333,2.583333,2.583333,0
1994-07-01,2.583333,2.583333,2.583333,2.583333,0
1994-07-05,2.583333,2.583333,2.583333,2.583333,0
1994-07-06,2.583333,2.583333,2.583333,2.583333,0
1994-07-07,2.583333,2.583333,2.583333,2.583333,0
1994-07-08,2.583333,2.583333,2.583333,2.583333,0
1994-07-11,2.583333,2.583333,2.583333,2.583333,0
1994-07-12,2.583333,2.583333,2.583333,2.583333,0
1994-07-13,2.583333,2.583333,2.583333,2.583333,0
1994-07-14,2.583333,2.583333,2.583333,2.583333,0
1994-07-15,2.583333,2.583333,2.583333,2.583333,0
1994-07-18,7.75,7.75,7.75,7.75,0
1994-07-19,7.75,7.75,7.75,7.75,0
1994-07-20,7.75,7.75,7.75,7.75,0
1994-07-21,7.75,7.75,7.75,7.75,0
1994-07-22,7.75,7.75,7.75,7.75,0
1994-07-25,7.75,7.75,7.75,7.75,0
1994-07-26,7.75,7.75,7.75,7.75,0
1994-07-27,7.75,7.75,7.75,7.75,0
1994-07-28,7.75,7.75,7.75,7.75,0
1994-07-29,7.75,7.75,7.75,7.75,0
1994-08-01,7.75,7.75,7.75,7.75,0
1994-08-02,7.75,7.75,7.75,7.75,0
1994-08-03,7.75,7.75,7.75,7.75,0
1994-08-04,7.75,7.75,7.75,7.75,0
1994-08-05,7.75,7.75,7.75,7.75,0
1994-08-08,7.75,7.75,7.75,7.75,0
1994-08-09,7.75,7.75,7.75,7.75,0
1994-08-10,7.75,7.75,7.75,7.75,0
1994-08-11,7.75,7.75,7.75,7.75,0
1994-08-12,7.75,7.75,7.75,7.75,0
1994-08-15,7.75,7.75,7.75,7.75,0
1994-08-16,7.75,7.75,7.75,7.75,0
1994-08-17,7.75,7.75,7.75,7.75,0
1994-08-18,7.75,7.75,7.75,7.75,0
1994-08-19,7.75,7.75,7.75,7.75,0
1994-08-22,7.75,7.75,7.75,7.75,0
1994-08-23,7.75,7.75,7.75,7.75,0
1994-08-24,7.75,7.75,7.75,7.75,0
1994-08-25,7.75,7.75,7.75,7.75,0
1994-08-26,7.75,7.75,7.75,7.75,0
1994-08-29,2.5,2.5,2.5,2.5,400
1994-08-30,2.5,2.5,2.5,2.5,0
1994-08-31,2.5,2.5,2.5,2.5,0
1994-09-01,2.5,2.5,2.5,2.5,0
1994-09-02,2.5,2.5,2.5,2.5,0
1994-09-06,2.5,2.5,2.5,2.5,0
1994-09-07,2.5,2.5,2.5,2.5,0
1994-09-08,2.5,2.5,2.5,2.5,0
1994-09-09,2.5,2.5,2.5,2.5,0
1994-09-12,2.5,2.5,2.5,2.5,0
1994-09-13,2.5,2.5,2.5,2.5,0
1994-09-14,2.5,2.5,2.5,2.5,0
1994-09-15,2.5,2.5,2.5,2.5,0
1994-09-16,2.5,2.5,2.5,2.5,0
1994-09-19,2.5,2.5,2.5,2.5,0
1994-09-20,2.5,2.5,2.5,2.5,0
1994-09-21,2.5,2.5,2.5,2.5,0
1994-09-22,2.5,2.5,2.5,2.5,0
1994-09-23,2.5,2.5,2.5,2.5,0
1994-09-26,2.5,2.5,2.5,2.5,0
1994-09-27,2.5,2.5,2.5,2.5,0
1994-09-28,2.5,2.5,2.5,2.5,0
1994-09-29,2.5,2.5,2.5,2.5,0
1994-09-30,2.5,2.5,2.5,2.5,0
1994-10-03,2.5,2.5,2.5,2.5,0
1994-10-04,2.5,2.5,2.5,2.5,0
1994-10-05,2.5,2.5,2.5,2.5,0
1994-10-06,2.5,2.5,2.5,2.5,0
1994-10-07,2.5,2.5,2.5,2.5,0
1994-10-10,2.5,2.5,2.5,2.5,0
1994-10-11,2.5,2.5,2.5,2.5,0
1994-10-12,2.5,2.5,2.5,2.5,0
1994-10-13,2.5,2.5,2.5,2.5,0
1994-10-14,2.5,2.5,2.5,2.5,0
1994-10-17,2.5,2.5,2.5,2.5,0
1994-10-18,2.5,2.5,2.5,2.5,0
1994-10-19,2.5,2.5,2.5,2.5,0
1994-10-20,2.5,2.5,2.5,2.5,0
1994-10-21,2.5,2.5,2.5,2.5,0
1994-10-24,2.5,2.5,2.5,2.5,0
1994-10-25,2.5,2.5,2.5,2.5,0
1994-10-26,2.5,2.5,2.5,2.5,0
1994-10-27,2.5,2.5,2.5,2.5,0
1994-10-28,2.5,2.5,2.5,2.5,0
1994-10-31,2.5,2.5,2.5,2.5,0
1994-11-01,2.5,2.5,2.5,2.5,0
1994-11-02,2.5,2.5,2.5,2.5,0
1994-11-03,2.5,2.5,2.5,2.5,0
1994-11-04,2.5,2.5,2.5,2.5,0
1994-11-07,2.5,2.5,2.5,2.5,0
1994-11-08,2.5,2.5,2.5,2.5,0
1994-11-09,2.5,2.5,2.5,2.5,0
1994-11-10,2.5,2.5,2.5,2.5,0
1994-11-11,2.5,2.5,2.5,2.5,0
1994-11-14,2.5,2.5,2.5,2.5,0
1994-11-15,2.5,2.5,2.5,2.5,0
1994-11-16,2.5,2.5,2.5,2.5,0
1994-11-17,2.5,2.5,2.5,2.5,0
1994-11-18,2.5,2.5,2.5,2.5,0
1994-11-21,2.5,2.5,2.5,2.5,0
1994-11-22,2.5,2.5,2.5,2.5,0
1994-11-23,2.5,2.5,2.5,2.5,0
1994-11-25,2.5,2.5,2.5,2.5,0
1994-11-28,2.5,2.5,2.5,2.5,0
1994-11-29,2.5,2.5,2.5,2.5,0
1994-11-30,2.5,2.5,2.5,2.5,0
1994-12-01,2.5,2.5,2.5,2.5,0
1994-12-02,2.5,2.5,2.5,2.5,0
1994-12-05,2.5,2.5,2.5,2.5,0
1994-12-06,2.5,2.5,2.5,2.5,0
1994-12-07,3.125,3.125,3.125,3.125,400
1994-12-08,3.125,3.125,3.125,3.125,0
1994-12-09,3.125,3.125,3.125,3.125,0
1994-12-12,3.125,3.125,3.125,3.125,0
1994-12-13,3.125,3.125,3.125,3.125,0
1994-12-14,3.125,3.125,3.125,3.125,0
1994-12-15,3.125,3.125,3.125,3.125,0
1994-12-16,3.125,3.125,3.125,3.125,0
1994-12-19,3.125,3.125,3.125,3.125,0
1994-12-20,3.125,3.125,3.125,3.125,0
1994-12-21,3.125,3.125,3.125,3.125,0
1994-12-22,3.125,3.125,3.125,3.125,0
1994-12-23,3.125,3.125,3.125,3.125,0
1994-12-27,3.125,3.125,3.125,3.125,0
1994-12-28,3.125,3.125,3.125,3.125,0
1994-12-29,3.125,3.125,3.125,3.125,0
1994-12-30,3.125,3.125,3.125,3.125,0
1995-01-03,3.125,3.125,3.125,3.125,0
1995-01-04,3.125,3.125,3.125,3.125,0
1995-01-05,3.125,3.125,3.125,3.125,0
1995-01-06,3.125,3.125,3.125,3.125,0
1995-01-09,3.125,3.125,3.125,3.125,0
1995-01-10,3.125,3.125,3.125,3.125,0
1995-01-11,3.125,3.125,3.125,3.125,0
1995-01-12,3.125,3.125,3.125,3.125,0
1995-01-13,3.125,3.125,3.125,3.125,0
1995-01-16,3.125,3.125,3.125,3.125,0
1995-01-17,3.125,3.125,3.125,3.125,0
1995-01-18,3.125,3.125,3.125,3.125,0
1995-01-19,3.125,3.125,3.125,3.125,0
1995-01-20,3.125,3.125,3.125,3.125,0
1995-01-23,3.125,3.125,3.125,3.125,0
1995-01-24,3.125,3.125,3.125,3.125,0
1995-01-25,3.125,3.125,3.125,3.125,0
1995-01-26,3.125,3.125,3.125,3.125,0
1995-01-27,3.125,3.125,3.125,3.125,0
1995-01-30,3.125,3.125,3.125,3.125,0
1995-01-31,3.125,3.125,3.125,3.125,0
1995-02-01,3.125,3.125,3.125,3.125,0
1995-02-02,3.75,3.75,3.75,3.75,56000
1995-02-03,3.75,3.75,3.75,3.75,0
1995-02-06,3.75,3.75,3.75,3.75,0
1995-02-07,3.5,3.5,3.5,3.5,20000
1995-02-08,3.5,3.5,3.5,3.5,0
1995-02-09,3.5,3.5,3.5,3.5,0
1995-02-10,3.5,3.5,3.5,3.5,0
1995-02-13,3.820313,3.820313,3.820313,3.820313,800
1995-02-14,3.820313,3.820313,3.820313,3.820313,0
1995-02-15,3.820313,3.820313,3.820313,3.820313,0
1995-02-16,3.820313,3.820313,3.820313,3.820313,0
1995-02-17,3.820313,3.820313,3.820313,3.820313,0
1995-02-21,3.820313,3.820313,3.820313,3.820313,0
1995-02-22,3.820313,3.820313,3.820313,3.820313,0
1995-02-23,3.820313,3.820313,3.820313,3.820313,0
1995-02-24,3.820313,3.820313,3.820313,3.820313,0
1995-02-27,3.5,3.5,3.5,3.5,2800
1995-02-28,3.5,3.5,3.5,3.5,0
1995-03-01,3.5,3.5,3.5,3.5,0
1995-03-02,3.5,3.5,3.5,3.5,0
1995-03-03,3.5,3.5,3.5,3.5,0
1995-03-06,3.5,3.5,3.5,3.5,0
1995-03-07,3.5,3.5,3.5,3.5,0
1995-03-08,3.5,3.5,3.5,3.5,0
1995-03-09,3.5,3.5,3.5,3.5,0
1995-03-10,3.5,3.5,3.5,3.5,0
1995-03-13,3.5,3.5,3.5,3.5,0
1995-03-14,3.5,3.5,3.5,3.5,0
1995-03-15,3.5,3.5,3.5,3.5,0
1995-03-16,3.5,3.5,3.5,3.5,0
1995-03-17,3.5,3.5,3.5,3.5,0
1995-03-20,3.5,3.5,3.5,3.5,0
1995-03-21,3.5,3.5,3.5,3.5,0
1995-03-22,3.5,3.5,3.5,3.5,0
1995-03-23,3.5,3.5,3.5,3.5,0
1995-03-24,3.5,3.5,3.5,3.5,0
1995-03-27,3.5,3.5,3.5,3.5,0
1995-03-28,3.5,3.5,3.5,3.5,0
1995-03-29,3.5,3.5,3.5,3.5,0
1995-03-30,3.5,3.5,3.5,3.5,0
1995-03-31,3.5,3.5,3.5,3.5,0
1995-04-03,3.5,3.5,3.5,3.5,0
1995-04-04,3.5,3.5,3.5,3.5,0
1995-04-05,3.5,3.5,3.5,3.5,0
1995-04-06,3.5,3.5,3.5,3.5,0
1995-04-07,3.5,3.5,3.5,3.5,0
1995-04-10,3.5,3.5,3.5,3.5,0
1995-04-11,3.5,3.5,3.5,3.5,0
1995-04-12,3.5,3.5,3.5,3.5,0
1995-04-13,3.5,3.5,3.5,3.5,0
1995-04-17,3.5,3.5,3.5,3.5,0
1995-04-18,3.5,3.5,3.5,3.5,0
1995-04-19,3.5,3.5,3.5,3.5,0
1995-04-20,3.5,3.5,3.5,3.5,0
1995-04-21,3.5,3.5,3.5,3.5,0
1995-04-24,3.5,3.5,3.5,3.5,0
1995-04-25,3.5,3.5,3.5,3.5,0
1995-04-26,3.5,3.5,3.5,3.5,0
1995-04-27,3.5,3.5,3.5,3.5,0
1995-04-28,3.5,3.5,3.5,3.5,0
1995-05-01,3.5,3.5,3.5,3.5,800
1995-05-02,3.5,3.5,3.5,3.5,0
1995-05-03,3.5,3.5,3.5,3.5,0
1995-05-04,3.5,3.5,3.5,3.5,0
1995-05-05,3.5,3.5,3.5,3.5,0
1995-05-08,3.5,3.5,3.5,3.5,0
1995-05-09,3.5,3.5,3.5,3.5,0
1995-05-10,3.5,3.5,3.5,3.5,0
1995-05-11,4,4,4,4,1600
1995-05-12,4,4,4,4,0
1995-05-15,4,4,4,4,0
1995-05-16,4,4,4,4,0
1995-05-17,4,4,4,4,0
1995-05-18,5.0625,5.0625,5.0625,5.0625,800
1995-05-19,5.0625,5.0625,5.0625,5.0625,0
1995-05-22,5.0625,5.0625,5.0625,5.0625,0
1995-05-23,5.0625,5.0625,5.0625,5.0625,0
1995-05-24,5.0625,5.0625,5.0625,5.0625,0
1995-05-25,5.0625,5.0625,5.0625,5.0625,0
1995-05-26,5.0625,5.0625,5.0625,5.0625,0
1995-05-30,5.0625,5.0625,5.0625,5.0625,0
1995-05-31,5.0625,5.0625,5.0625,5.0625,0
1995-06-01,5.0625,5.0625,5.0625,5.0625,0
1995-06-02,5.0625,5.0625,5.0625,5.0625,0
1995-06-05,5.0625,5.0625,5.0625,5.0625,0
1995-06-06,5.0625,5.0625,5.0625,5.0625,0
1995-06-07,5.0625,5.0625,5.0625,5.0625,0
1995-06-08,5.0625,5.0625,5.0625,5.0625,0
1995-06-09,5.0625,5.0625,5.0625,5.0625,0
1995-06-12,5.0625,5.0625,5.0625,5.0625,0
1995-06-13,5.0625,5.0625,5.0625,5.0625,0
1995-06-14,5.0625,5.0625,5.0625,5.0625,0
1995-06-15,5.0625,5.0625,5.0625,5.0625,0
1995-06-16,5.0625,5.0625,5.0625,5.0625,0
1995-06-19,5.0625,5.0625,5.0625,5.0625,0
1995-06-20,5.0625,5.0625,5.0625,5.0625,0
1995-06-21,3.75,3.75,3.75,3.75,2800
1995-06-22,3.75,3.75,3.75,3.75,0
1995-06-23,3.75,3.75,3.75,3.75,0
1995-06-26,3.75,3.75,3.75,3.75,0
1995-06-27,3.75,3.75,3.75,3.75,400
1995-06-28,3.75,3.75,3.75,3.75,0
1995-06-29,3.75,3.75,3.75,3.75,0
1995-06-30,3.75,3.75,3.75,3.75,0
1995-07-03,3.75,3.75,3.75,3.75,0
1995-07-05,4.25,4.25,4.25,4.25,2800
1995-07-06,4.3125,4.3125,4.3125,4.3125,3200
1995-07-07,5.5,5.5,5.5,5.5,1600
1995-07-10,5.5,5.5,5.5,5.5,0
1995-07-11,5.5,5.5,5.5,5.5,0
1995-07-12,5.5,5.5,5.5,5.5,0
1995-07-13,5.5,5.5,5.5,5.5,0
1995-07-14,5.5,5.5,5.5,5.5,0
1995-07-17,5.5,5.5,5.5,5.5,0
1995-07-18,3.75,3.75,3.75,3.75,400
1995-07-19,3.75,3.75,3.75,3.75,0
1995-07-20,3.75,3.75,3.75,3.75,0
1995-07-21,3.75,3.75,3.75,3.75,0
1995-07-24,3.75,3.75,3.75,3.75,0
1995-07-25,3.75,3.75,3.75,3.75,0
1995-07-26,3.75,3.75,3.75,3.75,0
1995-07-27,3.75,3.75,3.75,3.75,0
1995-07-28,3.75,3.75,3.75,3.75,0
1995-07-31,3.75,3.75,3.75,3.75,0
1995-08-01,3.75,3.75,3.75,3.75,0
1995-08-02,3.75,3.75,3.75,3.75,0
1995-08-03,3.75,3.75,3.75,3.75,0
1995-08-04,3.75,3.75,3.75,3.75,0
1995-08-07,3.75,3.75,3.75,3.75,0
1995-08-08,3.75,3.75,3.75,3.75,0
1995-08-09,3.75,3.75,3.75,3.75,0
1995-08-10,3.75,3.75,3.75,3.75,0
1995-08-11,6,6,6,6,800
1995-08-14,6,6,6,6,1200
1995-08-15,6,6,6,6,0
1995-08-16,6,6,6,6,0
1995-08-17,6,6,6,6,0
1995-08-18,6,6,6,6,0
1995-08-21,6,6,6,6,0
1995-08-22,6,6,6,6,0
1995-08-23,6,6,6,6,0
1995-08-24,6,6,6,6,0
1995-08-25,6,6,6,6,0
1995-08-28,6,6,6,6,0
1995-08-29,6,6,6,6,0
1995-08-30,6,6,6,6,0
1995-08-31,5,5,4.9375,5,23600
1995-09-01,5,5,5,5,0
1995-09-05,5.5,5.5,5.5,5.5,3200
1995-09-06,5.75,5.75,5.75,5.75,2400
1995-09-07,5.75,5.75,5.75,5.75,400
1995-09-08,5.75,5.75,5.75,5.75,400
1995-09-11,5.75,5.75,5.75,5.75,4000
1995-09-12,5.75,5.75,5.75,5.75,0
1995-09-13,5.46875,5.46875,5.46875,5.46875,10000
1995-09-14,5.46875,5.46875,5.46875,5.46875,0
1995-09-15,5.75,5.75,5.75,5.75,4000
1995-09-18,5.75,5.75,5.75,5.75,0
1995-09-19,5.75,5.75,5.75,5.75,0
1995-09-20,5.75,5.75,5.75,5.75,0
1995-09-21,5.75,5.75,5.75,5.75,0
1995-09-22,5.75,5.75,5.75,5.75,0
1995-09-25,5.75,5.75,5.75,5.75,0
1995-09-26,5.75,5.75,5.75,5.75,4000
1995-09-27,5.5,5.5,5.5,5.5,8000
1995-09-28,5.5,5.5,5.5,5.5,0
1995-09-29,5.5,5.5,5.5,5.5,0
1995-10-02,5.5,5.5,5.5,5.5,0
1995-10-03,5.75,5.75,5.75,5.75,1600
1995-10-04,5.75,5.75,5.75,5.75,0
1995-10-05,5.75,5.75,5.75,5.75,0
1995-10-06,5.75,5.75,5.75,5.75,0
1995-10-09,5.8125,5.8125,5.8125,5.8125,4000
1995-10-10,5.8125,5.8125,5.8125,5.8125,0
1995-10-11,5.8125,5.8125,5.8125,5.8125,0
1995-10-12,5.8125,5.8125,5.8125,5.8125,0
1995-10-13,5.8125,5.8125,5.8125,5.8125,0
1995-10-16,5.8125,5.8125,5.8125,5.8125,0
1995-10-17,5.8125,5.8125,5.8125,5.8125,0
1995-10-18,5.8125,5.8125,5.8125,5.8125,0
1995-10-19,5.8125,5.8125,5.8125,5.8125,0
1995-10-20,5.8125,5.8125,5.8125,5.8125,0
1995-10-23,5.8125,5.8125,5.8125,5.8125,0
1995-10-24,5.8125,5.8125,5.8125,5.8125,0
1995-10-25,5.8125,5.8125,5.8125,5.8125,0
1995-10-26,5.8125,5.8125,5.8125,5.8125,0
1995-10-27,5.8125,5.8125,5.8125,5.8125,0
1995-10-30,5.8125,5.8125,5.8125,5.8125,0
1995-10-31,5.8125,5.8125,5.8125,5.8125,0
1995-11-01,5.8125,5.8125,5.8125,5.8125,0
1995-11-02,5.8125,5.8125,5.8125,5.8125,0
1995-11-03,5.8125,5.8125,5.8125,5.8125,0
1995-11-06,5.8125,5.8125,5.8125,5.8125,0
1995-11-07,5.8125,5.8125,5.8125,5.8125,0
1995-11-08,5.8125,5.8125,5.8125,5.8125,0
1995-11-09,5.8125,5.8125,5.8125,5.8125,0
1995-11-10,5.8125,5.8125,5.8125,5.8125,0
1995-11-13,5.8125,5.8125,5.8125,5.8125,0
1995-11-14,5.8125,5.8125,5.8125,5.8125,0
1995-11-15,5.8125,5.8125,5.8125,5.8125,0
1995-11-16,5.8125,5.8125,5.8125,5.8125,0
1995-11-17,5.8125,5.8125,5.8125,5.8125,0
1995-11-20,5.8125,5.8125,5.8125,5.8125,0
1995-11-21,5.8125,5.8125,5.8125,5.8125,0
1995-11-22,5.8125,5.8125,5.8125,5.8125,0
1995-11-24,5.8125,5.8125,5.8125,5.8125,0
1995-11-27,5.8125,5.8125,5.8125,5.8125,0
1995-11-28,5.8125,5.8125,5.8125,5.8125,0
1995-11-29,5.8125,5.8125,5.8125,5.8125,0
1995-11-30,5.8125,5.8125,5.8125,5.8125,0
1995-12-01,5.8125,5.8125,5.8125,5.8125,0
1995-12-04,5.8125,5.8125,5.8125,5.8125,0
1995-12-05,5.8125,5.8125,5.8125,5.8125,0
1995-12-06,5.8125,5.8125,5.8125,5.8125,0
1995-12-07,5.8125,5.8125,5.8125,5.8125,0
1995-12-08,6.25,6.25,6.25,6.25,400
1995-12-11,6.25,6.25,6.25,6.25,0
1995-12-12,6.25,6.25,6.25,6.25,0
1995-12-13,6.25,6.25,6.25,6.25,0
1995-12-14,6.25,6.25,6.25,6.25,0
1995-12-15,6.25,6.25,6.25,6.25,0
1995-12-18,6.25,6.25,6.25,6.25,0
1995-12-19,6.25,6.25,6.25,6.25,0
1995-12-20,6.25,6.25,6.25,6.25,0
1995-12-21,6.25,6.25,6.25,6.25,0
1995-12-22,6.25,6.25,6.25,6.25,0
1995-12-26,6.25,6.25,6.25,6.25,0
1995-12-27,6.25,6.25,6.25,6.25,0
1995-12-28,6.25,6.25,6.25,6.25,0
1995-12-29,6.25,6.25,6.25,6.25,0
1996-01-02,6.25,6.25,6.25,6.25,0
1996-01-03,6.25,6.25,6.25,6.25,0
1996-01-04,6.25,6.25,6.25,6.25,0
1996-01-05,6.25,6.25,6.25,6.25,0
1996-01-08,6.25,6.25,6.25,6.25,0
1996-01-09,6.25,6.25,6.25,6.25,0
1996-01-10,6.25,6.25,6.25,6.25,0
1996-01-11,6.25,6.25,6.25,6.25,0
1996-01-12,6.25,6.25,6.25,6.25,0
1996-01-15,6.25,6.25,6.25,6.25,0
1996-01-16,6.25,6.25,6.25,6.25,0
1996-01-17,6.25,6.25,6.25,6.25,0
1996-01-18,5.5625,5.5625,5.5625,5.5625,2000
1996-01-19,5.5625,5.5625,5.5625,5.5625,0
1996-01-22,5.5625,5.5625,5.5625,5.5625,0
1996-01-23,5.5625,5.5625,5.5625,5.5625,0
1996-01-24,5.75,5.75,5.75,5.75,400
1996-01-25,5.75,5.75,5.75,5.75,0
1996-01-26,5.75,5.75,5.75,5.75,0
1996-01-29,5.75,5.75,5.75,5.75,0
1996-01-30,5.75,5.75,5.75,5.75,0
1996-01-31,5.75,5.75,5.75,5.75,0
1996-02-01,5.75,5.75,5.75,5.75,0
1996-02-02,5.75,5.75,5.75,5.75,0
1996-02-05,5.75,5.75,5.75,5.75,0
1996-02-06,5.78125,6,5.78125,5.875,5600
1996-02-07,5.875,5.875,5.875,5.875,0
1996-02-08,5.875,5.875,5.875,5.875,0
1996-02-09,5.875,5.875,5.875,5.875,0
1996-02-12,6,6,6,6,2000
1996-02-13,6,6,6,6,0
1996-02-14,6,6,6,6,400
1996-02-15,5.8125,5.8125,5.75,5.75,33200
1996-02-16,6.25,6.25,6.25,6.25,400
1996-02-20,6.25,6.25,6.25,6.25,0
1996-02-21,6.25,6.25,6.25,6.25,0
1996-02-22,6.25,6.25,6.25,6.25,0
1996-02-23,6.25,6.25,6.25,6.25,0
1996-02-26,6.25,6.25,6.25,6.25,0
1996-02-27,6.25,6.25,6.25,6.25,0
1996-02-28,6.25,6.25,6.25,6.25,0
1996-02-29,6.25,6.25,6.25,6.25,0
1996-03-01,6.0625,6.0625,6.0625,6.0625,2400
1996-03-04,6.0625,6.0625,6.0625,6.0625,0
1996-03-05,6.0625,6.0625,6.0625,6.0625,0
1996-03-06,6.0625,6.0625,6.0625,6.0625,0
1996-03-07,6.25,6.25,6.25,6.25,1200
1996-03-08,6.25,6.25,6.25,6.25,0
1996-03-11,6.25,6.25,6.25,6.25,0
1996-03-12,6.25,6.25,6.25,6.25,0
1996-03-13,6.0625,6.125,6.0625,6.125,11200
1996-03-14,6.125,6.125,6.125,6.125,0
1996-03-15,6.125,6.125,6.125,6.125,0
1996-03-18,6.125,6.125,6.125,6.125,0
1996-03-19,6.125,6.125,6.125,6.125,800
1996-03-20,6.125,6.125,6.125,6.125,0
1996-03-21,6.125,6.125,6.125,6.125,0
1996-03-22,6.125,6.125,6.125,6.125,0
1996-03-25,6.125,6.125,6.125,6.125,0
1996-03-26,6.125,6.125,6.125,6.125,0
1996-03-27,6.03125,6.03125,6.03125,6.03125,40000
1996-03-28,6.1875,6.1875,6.1875,6.1875,400
1996-03-29,6.125,6.125,6.125,6.125,400
1996-04-01,6.125,6.125,6.125,6.125,0
1996-04-02,6.125,6.125,6.125,6.125,1200
1996-04-03,6.125,6.125,6.125,6.125,0
1996-04-04,6.125,6.125,6.125,6.125,0
1996-04-08,6.125,6.125,6.125,6.125,0
1996-04-09,6.125,6.125,6.125,6.125,0
1996-04-10,6.125,6.125,6.125,6.125,0
1996-04-11,6.125,6.125,6.125,6.125,0
1996-04-12,6.125,6.125,6.125,6.125,0
1996-04-15,6.125,6.125,6.125,6.125,0
1996-04-16,6.125,6.125,6.125,6.125,0
1996-04-17,6.125,6.125,6.125,6.125,0
1996-04-18,6.1875,6.1875,6.1875,6.1875,400
1996-04-19,6.125,6.125,6.125,6.125,1200
1996-04-22,6.125,6.125,6.125,6.125,0
1996-04-23,6.125,6.125,6.125,6.125,0
1996-04-24,6.125,6.125,6.125,6.125,0
1996-04-25,6.0625,6.0625,6.0625,6.0625,5600
1996-04-26,6.0625,6.0625,6.0625,6.0625,0
1996-04-29,6.0625,6.0625,6.0625,6.0625,0
1996-04-30,6.0625,6.0625,6.0625,6.0625,0
1996-05-01,6.0625,6.0625,6.0625,6.0625,0
1996-05-02,6.0625,6.0625,6.0625,6.0625,0
1996-05-03,6.125,6.125,6.125,6.125,5200
1996-05-06,6.1875,6.1875,6.1875,6.1875,800
1996-05-07,6.1875,6.1875,6.1875,6.1875,0
1996-05-08,6.1875,6.1875,6.1875,6.1875,0
1996-05-09,6.1875,6.1875,6.1875,6.1875,0
1996-05-10,6.1875,6.1875,6.1875,6.1875,0
1996-05-13,6.1875,6.1875,6.1875,6.1875,0
1996-05-14,6.1875,6.1875,6.1875,6.1875,0
1996-05-15,6.125,6.1875,6.125,6.1875,20400
1996-05-16,6.1875,6.1875,6.1875,6.1875,0
1996-05-17,6.1875,6.1875,6.1875,6.1875,0
1996-05-20,6.1875,6.1875,6.1875,6.1875,0
1996-05-21,6.1875,6.1875,6.1875,6.1875,0
1996-05-22,6.1875,6.1875,6.1875,6.1875,0
1996-05-23,6.1875,6.1875,6.1875,6.1875,800
1996-05-24,6.25,6.25,6.25,6.25,400
1996-05-28,6.25,6.25,6.25,6.25,0
1996-05-29,6.25,6.25,6.25,6.25,0
1996-05-30,6.25,6.25,6.25,6.25,0
1996-05-31,6.25,6.25,6.25,6.25,0
1996-06-03,6.25,6.25,6.25,6.25,0
1996-06-04,6.25,6.25,6.25,6.25,0
1996-06-05,6.25,6.25,6.25,6.25,0
1996-06-06,6.25,6.25,6.25,6.25,0
1996-06-07,6.25,6.25,6.25,6.25,0
1996-06-10,6.25,6.25,6.25,6.25,0
1996-06-11,6.25,6.25,6.25,6.25,0
1996-06-12,6.25,6.25,6.25,6.25,0
1996-06-13,6.25,6.25,6.25,6.25,0
1996-06-14,6.25,6.25,6.25,6.25,0
1996-06-17,6.25,6.25,6.25,6.25,0
1996-06-18,6.25,6.25,6.25,6.25,0
1996-06-19,6.25,6.25,6.25,6.25,400
1996-06-20,6.25,6.25,6.25,6.25,0
1996-06-21,6.125,6.125,6.125,6.125,1600
1996-06-24,6.125,6.125,6.125,6.125,0
1996-06-25,6.125,6.125,6.125,6.125,0
1996-06-26,6.125,6.125,6.125,6.125,0
1996-06-27,6.125,6.125,6.125,6.125,0
1996-06-28,6.125,6.125,6.125,6.125,0
1996-07-01,6.027344,6.027344,6.027344,6.027344,400
1996-07-02,6.027344,6.027344,6.027344,6.027344,0
1996-07-03,6.027344,6.027344,6.027344,6.027344,0
1996-07-05,6.027344,6.027344,6.027344,6.027344,0
1996-07-08,6.027344,6.027344,6.027344,6.027344,0
1996-07-09,6.027344,6.027344,6.027344,6.027344,0
1996-07-10,6.027344,6.027344,6.027344,6.027344,0
1996-07-11,6.027344,6.027344,6.027344,6.027344,0
1996-07-12,6.027344,6.027344,6.027344,6.027344,0
1996-07-15,6.027344,6.027344,6.027344,6.027344,0
1996-07-16,6.125,6.125,6.125,6.125,800
1996-07-17,6.125,6.125,6.125,6.125,0
1996-07-18,6.125,6.125,6.125,6.125,0
1996-07-19,6.125,6.125,6.125,6.125,0
1996-07-22,5.8125,5.9375,5.8125,5.8125,2400
1996-07-23,5.8125,5.8125,5.8125,5.8125,0
1996-07-24,6,6,6,6,400
1996-07-25,6,6,6,6,0
1996-07-26,6,6,6,6,0
1996-07-29,5.8125,5.8125,5.8125,5.8125,3200
1996-07-30,5.8125,5.8125,5.8125,5.8125,0
1996-07-31,5.8125,5.8125,5.8125,5.8125,0
1996-08-01,5.8125,5.8125,5.8125,5.8125,0
1996-08-02,5.8125,5.8125,5.8125,5.8125,0
1996-08-05,5.875,5.875,5.875,5.875,800
1996-08-06,5.875,5.875,5.875,5.875,1200
1996-08-07,5.875,5.875,5.875,5.875,800
1996-08-08,5.875,5.875,5.875,5.875,400
1996-08-09,5.875,5.875,5.875,5.875,0
1996-08-12,5.875,5.875,5.875,5.875,0
1996-08-13,5.9375,5.9375,5.9375,5.9375,800
1996-08-14,6.089844,6.089844,6.089844,6.089844,2000
1996-08-15,6.089844,6.089844,6.089844,6.089844,0
1996-08-16,6.089844,6.089844,6.089844,6.089844,0
1996-08-19,6.089844,6.089844,6.089844,6.089844,0
1996-08-20,6.089844,6.089844,6.089844,6.089844,0
1996-08-21,6.125,6.125,6.125,6.125,2400
1996-08-22,6.125,6.125,6.125,6.125,0
1996-08-23,6.125,6.125,6.125,6.125,0
1996-08-26,6.25,6.25,6,6.125,7200
1996-08-27,6.25,6.25,6.25,6.25,3200
1996-08-28,6.25,6.25,6.25,6.25,0
1996-08-29,6.25,6.25,6.25,6.25,0
1996-08-30,6.25,6.25,6.0625,6.0625,1600
1996-09-03,6.0625,6.0625,6.0625,6.0625,0
1996-09-04,6.0625,6.0625,6.0625,6.0625,0
1996-09-05,6.3125,6.3125,6.3125,6.3125,800
1996-09-06,6.3125,6.3125,6.3125,6.3125,0
1996-09-09,6.3125,6.3125,6.3125,6.3125,0
1996-09-10,6.3125,6.3125,6.3125,6.3125,0
1996-09-11,6.3125,6.3125,6.3125,6.3125,0
1996-09-12,6.3125,6.3125,6.3125,6.3125,0
1996-09-13,6.3125,6.5,6.25,6.25,4800
1996-09-16,6.5,6.5,6.5,6.5,400
1996-09-17,6.5,6.5,6.5,6.5,0
1996-09-18,6.5,6.5,6.5,6.5,0
1996-09-19,6.5,6.5,6.25,6.5,2400
1996-09-20,6.5,6.5,6.5,6.5,0
1996-09-23,6.5,6.5,6.5,6.5,400
1996-09-24,6.5,6.5,6.5,6.5,800
1996-09-25,6.5,6.5,6.5,6.5,0
1996-09-26,6.5,6.5,6.5,6.5,0
1996-09-27,6.5,6.5,6.5,6.5,0
1996-09-30,6.5,6.5,6.5,6.5,2800
1996-10-01,6.5,6.5,6.5,6.5,0
1996-10-02,6.625,6.625,6.625,6.625,400
1996-10-03,6.625,6.625,6.625,6.625,0
1996-10-04,6.625,6.625,6.625,6.625,1200
1996-10-07,6.625,6.625,6.625,6.625,0
1996-10-08,7,7,6.5,7,1200
1996-10-09,7,7,7,7,400
1996-10-10,7,7,7,7,0
1996-10-11,7,7,7,7,0
1996-10-14,7,7,7,7,0
1996-10-15,6.75,6.75,6.75,6.75,200
1996-10-16,6.5,6.5,6.5,6.5,1400
1996-10-17,6.5,6.5,6.5,6.5,0
1996-10-18,6.5,6.5,6.5,6.5,0
1996-10-21,6.5,6.5,6.5,6.5,0
1996-10-22,6.5,6.5,6.5,6.5,0
1996-10-23,6.5,6.5,6.5,6.5,0
1996-10-24,6.5,6.5,6.5,6.5,0
1996-10-25,6.5,6.5,6.5,6.5,0
1996-10-28,6.5,6.5,6.5,6.5,0
1996-10-29,6.5,6.5,6.5,6.5,0
1996-10-30,6.5,6.5,6.5,6.5,0
1996-10-31,6.5,6.5,6.5,6.5,0
1996-11-01,6.5,6.5,6.5,6.5,0
1996-11-04,6.5,6.5,6.5,6.5,0
1996-11-05,6.875,6.875,6.875,6.875,1200
1996-11-06,6.875,6.875,6.875,6.875,0
1996-11-07,6.875,6.875,6.875,6.875,0
1996-11-08,6.875,6.875,6.875,6.875,0
1996-11-11,6.875,6.875,6.875,6.875,0
1996-11-12,6.875,6.875,6.875,6.875,0
1996-11-13,8,8,7.875,8,600
1996-11-14,8,8,7.25,8,3200
1996-11-15,8,8,8,8,0
1996-11-18,8.25,8.25,8.25,8.25,400
1996-11-19,8.75,8.75,8.75,8.75,200
1996-11-20,8.75,8.75,8.75,8.75,0
1996-11-21,8.75,8.75,8.75,8.75,600
1996-11-22,8.75,8.75,8.75,8.75,0
1996-11-25,8.75,8.75,8.75,8.75,0
1996-11-26,8.75,8.75,8.75,8.75,0
1996-11-27,8.75,8.75,8.75,8.75,0
1996-11-29,8.75,8.75,8.75,8.75,0
1996-12-02,8.75,8.75,8.75,8.75,0
1996-12-03,8.75,8.75,8.75,8.75,0
1996-12-04,8.75,8.75,8.75,8.75,0
1996-12-05,8.75,8.75,8.75,8.75,0
1996-12-06,8.75,8.75,8.75,8.75,0
1996-12-09,8.75,8.75,8.75,8.75,0
1996-12-10,8.75,8.75,8.75,8.75,0
1996-12-11,8.75,8.75,8.75,8.75,0
1996-12-12,8.75,8.75,8.75,8.75,0
1996-12-13,8.75,8.75,8.75,8.75,0
1996-12-16,8.75,8.75,8.75,8.75,0
1996-12-17,8.75,8.75,8.75,8.75,0
1996-12-18,8.75,8.75,8.75,8.75,0
1996-12-19,8.75,8.75,8.75,8.75,0
1996-12-20,8.75,8.75,8.75,8.75,0
1996-12-23,8.75,8.75,8.75,8.75,0
1996-12-24,8.75,8.75,8.75,8.75,0
1996-12-26,8.75,8.75,8.75,8.75,0
1996-12-27,8.75,8.75,8.75,8.75,0
1996-12-30,8.75,8.75,8.75,8.75,0
1996-12-31,8.75,8.75,8.75,8.75,0
1997-01-02,8.75,8.75,8.125,8.5,3400
1997-01-03,8.125,8.125,7.75,8.125,15600
1997-01-06,8.125,8.125,8.125,8.125,0
1997-01-07,8.125,8.125,8.125,8.125,0
1997-01-08,8.125,8.125,8.125,8.125,0
1997-01-09,8.375,8.375,8.125,8.375,3200
1997-01-10,8.125,8.125,8.125,8.125,400
1997-01-13,8.125,8.125,8.125,8.125,0
1997-01-14,8.25,8.25,8.25,8.25,2000
1997-01-15,8.5,8.5,8.5,8.5,1200
1997-01-16,8.5,8.5,8.5,8.5,1200
1997-01-17,8.5,8.5,8.5,8.5,0
1997-01-20,8.375,8.5,8.375,8.5,5200
1997-01-21,8.25,8.5,8.25,8.5,2000
1997-01-22,8.5,8.5,8.5,8.5,2000
1997-01-23,8.5,8.5,8.5,8.5,0
1997-01-24,8.5,8.5,8.5,8.5,0
1997-01-27,8.5,8.5,8.5,8.5,0
1997-01-28,8.5,8.5,8.5,8.5,0
1997-01-29,8.5,8.5,8.5,8.5,0
1997-01-30,8.5,8.5,8.5,8.5,0
1997-01-31,8.5,8.5,8.5,8.5,0
1997-02-03,8.5,8.5,8.5,8.5,800
1997-02-04,8.5,8.5,8.5,8.5,0
1997-02-05,8.5,8.5,8.5,8.5,0
1997-02-06,8.5,8.5,8.5,8.5,1800
1997-02-07,8.5,8.5,8.5,8.5,0
1997-02-10,8.75,8.75,8.5,8.75,6800
1997-02-11,8.75,8.75,8.75,8.75,3000
1997-02-12,8.75,8.75,8.75,8.75,2400
1997-02-13,8.75,8.75,8.75,8.75,1400
1997-02-14,8.75,8.75,8.75,8.75,0
1997-02-18,8.75,8.75,8.75,8.75,0
1997-02-19,8.75,8.75,8.75,8.75,0
1997-02-20,8.75,8.75,8.75,8.75,0
1997-02-21,8.625,8.625,8.625,8.625,800
1997-02-24,8.625,8.625,8.625,8.625,0
1997-02-25,8.625,8.625,8.625,8.625,0
1997-02-26,8.625,8.625,8.625,8.625,0
1997-02-27,8.625,8.625,8.625,8.625,0
1997-02-28,8.625,8.625,8.625,8.625,0
1997-03-03,9.125,9.125,9.125,9.125,400
1997-03-04,9.125,9.125,9.125,9.125,200
1997-03-05,9.125,9.25,9.125,9.25,800
1997-03-06,9.25,9.25,9.25,9.25,200
1997-03-07,9.25,9.25,9.25,9.25,0
1997-03-10,9.25,9.25,9.25,9.25,0
1997-03-11,8.875,8.875,8.875,8.875,200
1997-03-12,8.875,8.875,8.875,8.875,0
1997-03-13,8.875,8.875,8.875,8.875,0
1997-03-14,8.875,8.875,8.875,8.875,0
1997-03-17,8.875,8.875,8.875,8.875,0
1997-03-18,8.875,8.875,8.875,8.875,0
1997-03-19,8.875,8.875,8.875,8.875,0
1997-03-20,8.875,8.875,8.875,8.875,0
1997-03-21,9.625,9.625,9.125,9.625,1200
1997-03-24,9.75,9.75,9.75,9.75,600
1997-03-25,9.875,9.875,9.875,9.875,1200
1997-03-26,9.875,9.875,9.875,9.875,0
1997-03-27,9.875,9.875,9.875,9.875,0
1997-03-31,9.875,9.875,9.875,9.875,0
1997-04-01,9.875,9.875,9.875,9.875,0
1997-04-02,9.875,9.875,9.875,9.875,0
1997-04-03,9.875,9.875,9.875,9.875,0
1997-04-04,9.875,9.875,9.875,9.875,0
1997-04-07,9.875,9.875,9.875,9.875,0
1997-04-08,9.875,9.875,9.875,9.875,0
1997-04-09,10.5,10.625,10.5,10.625,1400
1997-04-10,11,11,10.75,11,1000
1997-04-11,10,10,10,10,200
1997-04-14,10,10,10,10,0
1997-04-15,10,10,10,10,0
1997-04-16,10,10,10,10,0
1997-04-17,10,10,10,10,0
1997-04-18,10,10,10,10,0
1997-04-21,10,10,10,10,0
1997-04-22,10,10,10,10,0
1997-04-23,10,10,10,10,0
1997-04-24,10,10,10,10,0
1997-04-25,10,10,10,10,0
1997-04-28,10.75,10.75,10.75,10.75,400
1997-04-29,10.75,10.75,10.75,10.75,0
1997-04-30,10.75,10.75,10.75,10.75,0
1997-05-01,10.75,10.75,10.75,10.75,0
1997-05-02,10.75,10.75,10.75,10.75,0
1997-05-05,10.75,10.75,10.75,10.75,0
1997-05-06,10.75,10.75,10.75,10.75,0
1997-05-07,10.75,10.75,10.75,10.75,0
1997-05-08,10.75,10.75,10.75,10.75,0
1997-05-09,11.75,11.75,11.75,11.75,200
1997-05-12,11.75,11.75,11.75,11.75,0
1997-05-13,11.75,11.75,11.75,11.75,0
1997-05-14,11.75,11.75,11.75,11.75,0
1997-05-15,11.75,11.75,11.75,11.75,0
1997-05-16,12.5,12.5,12.5,12.5,400
1997-05-19,12.5,12.5,12.5,12.5,0
1997-05-20,12.5,12.5,12.5,12.5,0
1997-05-21,12.5,12.5,12.5,12.5,0
1997-05-22,12.5,12.5,12.5,12.5,0
1997-05-23,12.5,12.5,12.5,12.5,0
1997-05-27,11,11,11,11,200
1997-05-28,11,11,11,11,0
1997-05-29,11,11,11,11,0
1997-05-30,11,11,11,11,0
1997-06-02,11,11,11,11,0
1997-06-03,11,11,11,11,0
1997-06-04,11,11,11,11,0
1997-06-05,11,11,11,11,0
1997-06-06,11,11,11,11,0
1997-06-09,11,11,11,11,0
1997-06-10,11,11,11,11,0
1997-06-11,11,11,11,11,0
1997-06-12,11,11,11,11,0
1997-06-13,11,11,11,11,0
1997-06-16,11,11,11,11,0
1997-06-17,11,11,11,11,0
1997-06-18,11,11,11,11,0
1997-06-19,11,11,11,11,0
1997-06-20,11,11,11,11,0
1997-06-23,11,11,11,11,0
1997-06-24,11,11,11,11,0
1997-06-25,11,11,11,11,0
1997-06-26,11,11,11,11,0
1997-06-27,11,11,11,11,0
1997-06-30,11,11,11,11,0
1997-07-01,11,11,11,11,0
1997-07-02,11,11,11,11,0
1997-07-03,11,11,11,11,0
1997-07-07,12.625,12.625,12.625,12.625,200
1997-07-08,12.625,12.625,12.625,12.625,0
1997-07-09,12.625,12.625,12.625,12.625,200
1997-07-10,12.625,12.625,12.625,12.625,0
1997-07-11,12.625,12.625,12.625,12.625,0
1997-07-14,12.625,12.625,12.625,12.625,0
1997-07-15,12.625,12.625,12.625,12.625,0
1997-07-16,12.625,12.625,12.625,12.625,0
1997-07-17,13,13,13,13,3000
1997-07-18,13,13,13,13,0
1997-07-21,13,13,13,13,0
1997-07-22,13,13,13,13,0
1997-07-23,13,13,13,13,0
1997-07-24,13,13,13,13,0
1997-07-25,13,13,13,13,0
1997-07-28,13,13,13,13,0
1997-07-29,13,13,13,13,0
1997-07-30,13,13,13,13,0
1997-07-31,13.625,13.625,13.5,13.5,5800
1997-08-01,13.5,13.5,13.5,13.5,0
1997-08-04,14.25,14.25,14.25,14.25,200
1997-08-05,14.25,14.25,14.25,14.25,0
1997-08-06,14.25,14.25,14.25,14.25,0
1997-08-07,14.25,14.25,14.25,14.25,0
1997-08-08,14.25,14.25,14.25,14.25,0
1997-08-11,14.25,14.25,14.25,14.25,0
1997-08-12,14.5,14.75,14.5,14.5,800
1997-08-13,14.5,14.5,14.5,14.5,0
1997-08-14,14.5,14.5,14.5,14.5,0
1997-08-15,14.75,14.75,14.625,14.625,1000
1997-08-18,14.625,14.625,14.625,14.625,0
1997-08-19,14.75,14.75,14.5,14.5,2400
1997-08-20,14.5,14.5,14.5,14.5,1400
1997-08-21,14.75,14.75,14.75,14.75,1000
1997-08-22,14.75,14.75,14.75,14.75,0
1997-08-25,15.75,15.75,15,15.75,2200
1997-08-26,15.5,15.75,15.5,15.75,1400
1997-08-27,15.5,16,15.5,16,7200
1997-08-28,16,16,16,16,1600
1997-08-29,16.25,16.25,16.25,16.25,800
1997-09-02,17,17,17,17,800
1997-09-03,18,18,17.25,18,3000
1997-09-04,17.75,17.75,17.75,17.75,400
1997-09-05,17.75,18,17.75,17.75,800
1997-09-08,18,18,17.75,17.75,4000
1997-09-09,18,18,17.75,17.75,3200
1997-09-10,17.75,17.75,17.75,17.75,0
1997-09-11,17.625,18.125,17.625,18.125,3000
1997-09-12,18.125,18.125,18.125,18.125,0
1997-09-15,18.25,18.25,18.25,18.25,200
1997-09-16,18,18.25,18,18,3600
1997-09-17,18.25,18.25,17.875,18.25,19800
1997-09-18,18,18,18,18,7600
1997-09-19,18,18,18,18,2600
1997-09-22,18,18,18,18,1800
1997-09-23,18,18,18,18,1000
1997-09-24,18,18,18,18,0
1997-09-25,17.625,18,17.625,18,1400
1997-09-26,17.625,17.625,17.625,17.625,1800
1997-09-29,17.5,17.75,17.5,17.75,800
1997-09-30,17.75,17.75,17.75,17.75,200
1997-10-01,17.75,17.75,17.75,17.75,0
1997-10-02,17.75,17.75,17.5625,17.5625,800
1997-10-03,17.5625,17.5625,17.5625,17.5625,0
1997-10-06,17.4375,17.4375,17.4375,17.4375,1000
1997-10-07,17.25,17.3125,17.25,17.25,3800
1997-10-08,17.3125,17.3125,17.0625,17.3125,13200
1997-10-09,17.25,17.3125,17.25,17.25,1400
1997-10-10,17.25,17.25,17.25,17.25,200
1997-10-13,17.0625,17.0625,17.0625,17.0625,1000
1997-10-14,17.0625,17.0625,17.0625,17.0625,1600
1997-10-15,16.5,17,16.5,16.5,5200
1997-10-16,16,16.5,16,16.5,1000
1997-10-17,16,16.25,16,16.25,1000
1997-10-20,16,16,16,16,400
1997-10-21,16,16,15.875,16,1600
1997-10-22,15.75,15.75,15.5,15.5,2600
1997-10-23,15.5625,15.5625,15.5625,15.5625,1600
1997-10-24,15.5625,15.6875,15.5,15.6875,2000
1997-10-27,15.4375,15.5,15.4375,15.4375,2400
1997-10-28,15.5625,15.5625,15.3125,15.3125,1200
1997-10-29,15.125,15.3125,15.0625,15.0625,2400
1997-10-30,15.28125,15.5,15.28125,15.5,2800
1997-10-31,15.28125,15.28125,15.28125,15.28125,200
1997-11-03,15.28125,15.28125,15.28125,15.28125,0
1997-11-04,15.25,15.25,15.25,15.25,1600
1997-11-05,15.0625,15.1875,15.0625,15.0625,1400
1997-11-06,15.25,15.25,15,15.25,800
1997-11-07,14.9375,15,14.9375,15,800
1997-11-10,15.1875,15.1875,15.1875,15.1875,200
1997-11-11,14.875,15.1875,14.875,14.875,5600
1997-11-12,14.75,14.75,14.75,14.75,1000
1997-11-13,14.9375,14.9375,14.9375,14.9375,1000
1997-11-14,14.9375,14.9375,14.9375,14.9375,0
1997-11-17,14.75,14.75,14.75,14.75,2400
1997-11-18,15.5,15.5,15.25,15.5,400
1997-11-19,15.125,15.125,14.25,14.25,1900
1997-11-20,15,15,14.625,15,2300
1997-11-21,15.09375,15.109375,14.75,15,2700
1997-11-24,15.109375,15.109375,14.25,14.25,1700
1997-11-25,14.609375,14.609375,14.25,14.25,1800
1997-11-26,14.25,14.25,14.25,14.25,0
1997-11-28,14.25,14.25,14.25,14.25,0
1997-12-01,14.25,14.25,14.25,14.25,0
1997-12-02,14.359375,14.359375,14.359375,14.359375,1000
1997-12-03,14.359375,14.609375,14.359375,14.359375,3300
1997-12-04,14.359375,14.359375,14.359375,14.359375,0
1997-12-05,14.109375,14.109375,14.109375,14.109375,2600
1997-12-08,14.359375,14.359375,14.359375,14.359375,700
1997-12-09,14.359375,14.359375,14.109375,14.109375,2700
1997-12-10,14.359375,14.359375,14.359375,14.359375,300
1997-12-11,14.109375,14.109375,14.109375,14.109375,1300
1997-12-12,14.25,14.25,13.859375,13.859375,800
1997-12-15,13.859375,13.859375,13.859375,13.859375,0
1997-12-16,14.25,14.5,14,14,12300
1997-12-17,14.5,14.5,14,14.5,2300
1997-12-18,14,14,13.75,13.75,1100
1997-12-19,13.75,13.75,13.75,13.75,200
1997-12-22,14.5,14.5,13.5,14.25,1800
1997-12-23,14.25,14.25,14,14.25,600
1997-12-24,14.25,14.25,14.25,14.25,0
1997-12-26,13.5,14,13.5,13.5,1100
1997-12-29,14,14,14,14,300
1997-12-30,14,14,14,14,0
1997-12-31,14.109375,14.109375,13.859375,13.859375,1900
1998-01-02,14.109375,14.359375,14.109375,14.359375,1300
1998-01-05,14.359375,14.5,14.359375,14.5,1000
1998-01-06,14.359375,14.5,13.75,13.75,5900
1998-01-07,13.75,13.75,13.75,13.75,100
1998-01-08,13.75,13.75,13.5,13.75,800
1998-01-09,13.75,13.75,13.5,13.75,1600
1998-01-12,13.5,13.5,13.5,13.5,400
1998-01-13,13.109375,13.359375,12.609375,13.25,2400
1998-01-14,13.359375,13.359375,13.359375,13.359375,200
1998-01-15,13,13,12.609375,12.609375,300
1998-01-16,12.75,12.75,12.75,12.75,3100
1998-01-20,12.796875,12.859375,12.796875,12.859375,2600
1998-01-21,13,13,13,13,2200
1998-01-22,12.5,13,12.5,12.5,8200
1998-01-23,12.75,12.75,12.75,12.75,200
1998-01-26,12.75,12.75,12.5,12.75,800
1998-01-27,12.75,12.75,12.75,12.75,500
1998-01-28,12.109375,12.5,12,12,5100
1998-01-29,12,12.359375,11.859375,12,4200
1998-01-30,11.75,12.359375,11.609375,12,3600
1998-02-02,12.359375,12.359375,12.359375,12.359375,600
1998-02-03,11.75,12.359375,11.75,11.75,4300
1998-02-04,11.75,11.75,11.75,11.75,0
1998-02-05,12,12,11.609375,11.609375,1200
1998-02-06,11.859375,11.859375,11.859375,11.859375,500
1998-02-09,11.75,11.75,11.75,11.75,1100
1998-02-10,11.609375,11.75,11.25,11.5,7500
1998-02-11,11.359375,11.359375,11.359375,11.359375,3100
1998-02-12,12,12,11.25,11.359375,3800
1998-02-13,10.359375,11.296875,10.359375,10.359375,11000
1998-02-17,11.359375,11.5,10.859375,11,10500
1998-02-18,11.25,11.5,10.75,11.25,7100
1998-02-19,11,11,11,11,14300
1998-02-20,11.109375,11.25,11,11.109375,2400
1998-02-23,11,11.109375,11,11,3000
1998-02-24,11,11,10.609375,10.609375,5500
1998-02-25,10.859375,11,10.859375,10.859375,3700
1998-02-26,11,11.359375,11,11.109375,4900
1998-02-27,11.1875,11.25,11.125,11.25,5100
1998-03-02,11.125,11.125,11.125,11.125,2300
1998-03-03,11.125,11.125,11.125,11.125,1000
1998-03-04,11.25,11.25,11,11.25,3500
1998-03-05,11.25,11.25,10.75,10.75,1800
1998-03-06,11,11,11,11,100
1998-03-09,11,11,11,11,0
1998-03-10,11,11,10.875,10.875,1200
1998-03-11,11.125,11.125,10.875,11.125,3200
1998-03-12,11.125,11.125,11.125,11.125,100
1998-03-13,11.125,11.125,10.875,10.875,600
1998-03-16,10.75,10.875,10.75,10.75,6200
1998-03-17,10.75,10.875,10.75,10.875,600
1998-03-18,10.75,10.9375,10.75,10.75,700
1998-03-19,10.9375,10.9375,10.875,10.875,4500
1998-03-20,10.75,10.9375,10.75,10.75,6700
1998-03-23,10.75,10.75,10.75,10.75,800
1998-03-24,10.75,10.75,10.375,10.375,1100
1998-03-25,10.875,10.875,10.125,10.875,900
1998-03-26,10.75,10.75,10.75,10.75,200
1998-03-27,10.875,10.875,10.625,10.875,5200
1998-03-30,10.875,10.875,10.5,10.875,7400
1998-03-31,10.875,10.875,10.875,10.875,0
1998-04-01,10.5,10.875,10.375,10.375,8000
1998-04-02,10.75,10.75,10.625,10.75,5900
1998-04-03,10.75,10.75,10.5,10.75,5000
1998-04-06,10.875,11,10.625,10.875,10800
1998-04-07,10.875,10.875,10.5,10.75,3600
1998-04-08,10.625,10.75,10.5625,10.75,4100
1998-04-09,10.75,10.75,10.625,10.75,2500
1998-04-13,10.75,10.875,10.625,10.75,2300
1998-04-14,10.875,10.875,10.5,10.875,1000
1998-04-15,10.75,10.875,10.5,10.75,4900
1998-04-16,10.75,10.75,10.75,10.75,300
1998-04-17,10.75,10.875,10.75,10.75,1500
1998-04-20,10.875,10.875,10.75,10.875,8400
1998-04-21,11,11,10.75,11,5400
1998-04-22,10.75,10.875,10.75,10.75,5300
1998-04-23,10.875,10.875,10.875,10.875,100
1998-04-24,10.875,10.875,10.75,10.75,300
1998-04-27,10.875,10.875,10.75,10.75,700
1998-04-28,11,11,11,11,100
1998-04-29,10.875,10.875,10.875,10.875,200
1998-04-30,10.875,10.875,10.875,10.875,700
1998-05-01,10.75,10.75,10.625,10.625,4600
1998-05-04,10.75,10.75,10.75,10.75,900
1998-05-05,10.75,11,10.625,10.75,1800
1998-05-06,10.75,10.75,10.75,10.75,400
1998-05-07,10.875,10.875,10.875,10.875,600
1998-05-08,10.625,10.875,10.625,10.875,10500
1998-05-11,10.5,10.75,10.5,10.5,7300
1998-05-12,10.625,10.625,10.5,10.5,4800
1998-05-13,10.5,10.625,10.5,10.5,14800
1998-05-14,10.5,10.5,10.5,10.5,14300
1998-05-15,10.625,10.625,10.625,10.625,5300
1998-05-18,10.5,10.5,10.5,10.5,200
1998-05-19,10.5,10.5,10.5,10.5,1300
1998-05-20,10.5,10.5,10.5,10.5,1200
1998-05-21,10.5,10.5,10.5,10.5,1100
1998-05-22,10.625,10.625,10.625,10.625,700
1998-05-26,10.375,10.5,10.375,10.5,2900
1998-05-27,10.625,10.625,10.375,10.5,8900
1998-05-28,10.5,10.625,10.375,10.5,2900
1998-05-29,10.375,10.5,10.375,10.5,1000
1998-06-01,10.5,10.5,10.5,10.5,0
1998-06-02,10.25,10.25,10.25,10.25,1100
1998-06-03,10.25,10.25,10.25,10.25,0
1998-06-04,10.5,10.5,10.5,10.5,1600
1998-06-05,10.625,10.625,10.625,10.625,500
1998-06-08,10.625,10.625,10.625,10.625,1000
1998-06-09,10.640625,10.875,10.640625,10.875,500
1998-06-10,11,11,11,11,300
1998-06-11,11,11,10.890625,11,2300
1998-06-12,11,11,11,11,100
1998-06-15,11,11,11,11,0
1998-06-16,10.625,11,10.625,10.75,800
1998-06-17,11.125,11.25,10.75,11.140625,3600
1998-06-18,11.25,11.25,11,11,600
1998-06-19,11,11,11,11,0
1998-06-22,11,11,11,11,0
1998-06-23,11.359375,11.5,11,11.140625,7100
1998-06-24,11,11.5,11,11.359375,2200
1998-06-25,11.359375,11.359375,11.359375,11.359375,100
1998-06-26,11.5,11.5,11.5,11.5,300
1998-06-29,11.125,11.375,11.125,11.140625,500
1998-06-30,11.375,11.375,11.125,11.125,900
1998-07-01,11.125,11.125,11.125,11.125,0
1998-07-02,11.125,11.125,11.125,11.125,0
1998-07-06,11.125,11.375,10.875,11,900
1998-07-07,11,11,11,11,0
1998-07-08,11.375,11.375,11.375,11.375,200
1998-07-09,11.375,11.375,11.375,11.375,0
1998-07-10,11.25,11.25,11.25,11.25,1500
1998-07-13,11.25,11.375,11.25,11.3125,3000
1998-07-14,11.375,11.375,11.375,11.375,1000
1998-07-15,11.5,11.5,11.5,11.5,2200
1998-07-16,11.25,11.5,11.25,11.5,4000
1998-07-17,11.5,11.5,11.5,11.5,300
1998-07-20,11.5,11.5,11.375,11.375,2900
1998-07-21,11.25,11.25,9.75,10.5,18500
1998-07-22,10.625,10.625,10.5,10.5,500
1998-07-23,10.75,10.75,10.75,10.75,600
1998-07-24,10.5,10.5,10.5,10.5,700
1998-07-27,10.5,10.5,10.25,10.25,3400
1998-07-28,10,10.5,10,10.5,8400
1998-07-29,10.5,10.5,10.5,10.5,0
1998-07-30,10.25,10.25,10.25,10.25,200
1998-07-31,10.375,10.375,10.375,10.375,700
1998-08-03,10.375,10.375,10.375,10.375,0
1998-08-04,10.25,10.25,10,10,2600
1998-08-05,10,10,10,10,0
1998-08-06,10.5,10.5,10.375,10.375,2000
1998-08-07,10.375,10.375,10.375,10.375,0
1998-08-10,10.25,10.25,9.875,10,5200
1998-08-11,10,10,10,10,0
1998-08-12,10,10,10,10,0
1998-08-13,10,10,10,10,0
1998-08-14,9.75,9.75,9.75,9.75,200
1998-08-17,10.25,10.25,10.25,10.25,200
1998-08-18,10.25,10.25,10.25,10.25,0
1998-08-19,10.25,10.25,10,10,8000
1998-08-20,10,10,10,10,0
1998-08-21,9.75,9.75,9.75,9.75,300
1998-08-24,9.75,9.75,9.75,9.75,2200
1998-08-25,9.75,9.75,9.75,9.75,0
1998-08-26,9.5,10,9.5,9.75,6500
1998-08-27,10,10,10,10,5000
1998-08-28,10,10,10,10,0
1998-08-31,10,10,10,10,0
1998-09-01,9.25,9.5,9,9,4400
1998-09-02,9.875,9.875,9.875,9.875,100
1998-09-03,9.875,9.875,9.875,9.875,0
1998-09-04,9.875,9.875,9.875,9.875,0
1998-09-08,9,9,8.875,9,2900
1998-09-09,9,9,9,9,400
1998-09-10,9,9,9,9,0
1998-09-11,10,10,9.75,9.75,2000
1998-09-14,9.75,9.75,9.75,9.75,0
1998-09-15,8.625,9.875,8.625,9.875,500
1998-09-16,9.5,9.5,8.875,8.875,600
1998-09-17,8.875,8.875,8.875,8.875,0
1998-09-18,9.75,9.75,9.75,9.75,800
1998-09-21,9.75,9.75,9.75,9.75,100
1998-09-22,9.75,9.75,9.75,9.75,0
1998-09-23,9.875,9.875,9.75,9.875,1300
1998-09-24,10.25,10.25,9.875,9.875,700
1998-09-25,10,10,10,10,3600
1998-09-28,10,10,10,10,0
1998-09-29,10.125,10.125,9,9.875,2900
1998-09-30,9.5,9.5,9,9,2600
1998-10-01,9,9,9,9,0
1998-10-02,9,9.5,9,9.5,900
1998-10-05,9,9.5,9,9.5,2500
1998-10-06,9.5,9.5,9.5,9.5,1000
1998-10-07,8.625,8.625,8.625,8.625,500
1998-10-08,8.625,8.625,8.625,8.625,0
1998-10-09,8.75,9,8.625,8.875,4000
1998-10-12,9,9,9,9,1000
1998-10-13,9,9,9,9,0
1998-10-14,8.75,8.75,8.5,8.75,3500
1998-10-15,8.75,8.75,8.75,8.75,400
1998-10-16,8.75,9,8.75,9,2200
1998-10-19,9,9,9,9,2300
1998-10-20,9,9.125,8.875,8.875,1500
1998-10-21,8.875,8.875,8.875,8.875,0
1998-10-22,8.875,8.875,8.875,8.875,800
1998-10-23,8.75,9.25,8.75,9.25,5800
1998-10-26,8.8125,8.8125,8.8125,8.8125,600
1998-10-27,8.75,9.25,8.75,9,3100
1998-10-28,8.875,8.875,8.875,8.875,1000
1998-10-29,9.25,9.25,9.25,9.25,1800
1998-10-30,9.25,9.25,9.25,9.25,0
1998-11-02,8.875,8.875,8.875,8.875,200
1998-11-03,9.125,9.125,9.125,9.125,700
1998-11-04,9.375,9.375,9.125,9.125,700
1998-11-05,8.875,9,8.875,9,1200
1998-11-06,8.875,9.5,8.875,9.5,2200
1998-11-09,8.875,9,8.875,9,800
1998-11-10,9.1875,9.1875,9.1875,9.1875,200
1998-11-11,9.1875,9.1875,9.1875,9.1875,0
1998-11-12,8.90625,9.375,8.90625,9.375,1200
1998-11-13,8.875,9,8.875,9,1300
1998-11-16,8.875,8.875,8.875,8.875,500
1998-11-17,8.875,9,8.875,9,1400
1998-11-18,9,9,9,9,0
1998-11-19,8.75,8.875,8.75,8.875,500
1998-11-20,8.75,8.875,8.75,8.875,1100
1998-11-23,8.75,8.75,8.75,8.75,1900
1998-11-24,8.875,9,8.75,9,5600
1998-11-25,9,9,9,9,1000
1998-11-27,9,9,9,9,0
1998-11-30,9,9,9,9,0
1998-12-01,8.75,9.125,8.75,9.125,500
1998-12-02,9,9,8.75,8.75,1200
1998-12-03,8.75,8.75,8.75,8.75,0
1998-12-04,8.75,8.75,8.75,8.75,400
1998-12-07,8.75,8.75,8.75,8.75,1600
1998-12-08,8.75,8.75,8.75,8.75,0
1998-12-09,9.125,9.125,8.75,8.75,2000
1998-12-10,8.75,8.75,8.75,8.75,6700
1998-12-11,8.625,8.875,8.5,8.875,7100
1998-12-14,8.5,8.5,8.5,8.5,1100
1998-12-15,8.5,8.75,8.25,8.75,4900
1998-12-16,8.75,8.75,8.75,8.75,0
1998-12-17,8,8,8,8,1100
1998-12-18,8.5,8.5,8.5,8.5,200
1998-12-21,8.5,8.5,8.5,8.5,0
1998-12-22,8,8.125,8,8,4600
1998-12-23,8.375,8.375,8.375,8.375,200
1998-12-24,8.5,8.5,8.5,8.5,5400
1998-12-28,8,8.25,8,8.25,1700
1998-12-29,8,8,7.875,8,6500
1998-12-30,7.875,7.875,7.875,7.875,4000
1998-12-31,7.875,8,7.875,8,3100
1999-01-04,7.875,8,7.875,8,1500
1999-01-05,8,8,8,8,0
1999-01-06,8,8,7.875,7.875,1500
1999-01-07,7.875,7.875,7.875,7.875,2300
1999-01-08,8,8.125,7.9375,8.125,4600
1999-01-11,8.125,8.125,8.125,8.125,0
1999-01-12,8,8.125,7.75,8,9200
1999-01-13,8,8,8,8,0
1999-01-14,8.125,8.125,8.125,8.125,200
1999-01-15,7.9375,8,7.9375,8,700
1999-01-19,8,8,8,8,1400
1999-01-20,7.8125,7.8125,7.625,7.625,3200
1999-01-21,7.625,7.625,7.625,7.625,0
1999-01-22,8,8,7.625,7.75,6000
1999-01-25,7.75,7.75,7.75,7.75,0
1999-01-26,7.875,7.875,7.625,7.875,3600
1999-01-27,7.625,8.25,7.625,8.125,7200
1999-01-28,8.125,8.125,8.125,8.125,0
1999-01-29,8.25,8.5,8,8.25,2100
1999-02-01,8,8,8,8,300
1999-02-02,8.5,8.5,8.125,8.125,1100
1999-02-03,8.125,8.125,8.125,8.125,200
1999-02-04,8.125,8.125,8.125,8.125,0
1999-02-05,8.125,8.125,8.125,8.125,0
1999-02-08,8.125,8.125,8.125,8.125,0
1999-02-09,8.125,8.125,8.125,8.125,0
1999-02-10,8.625,8.625,8.125,8.125,2900
1999-02-11,8.25,8.25,8.25,8.25,800
1999-02-12,7.75,7.75,7.75,7.75,300
1999-02-16,7.75,7.75,7.75,7.75,0
1999-02-17,7.75,7.75,7.75,7.75,0
1999-02-18,8.25,8.25,8,8,1300
1999-02-19,8,8,8,8,0
1999-02-22,8.25,8.75,8.25,8.40625,5000
1999-02-23,8.40625,8.40625,8.40625,8.40625,0
1999-02-24,8.40625,8.40625,8.40625,8.40625,0
1999-02-25,8.40625,8.40625,8.40625,8.40625,0
1999-02-26,8,8.125,8,8.125,2600
1999-03-01,8.125,8.125,8.125,8.125,600
1999-03-02,8.5,8.875,8.5,8.5,3100
1999-03-03,8.5,9,8.5,8.625,6200
1999-03-04,8.875,8.875,8.875,8.875,300
1999-03-05,8.875,8.875,8.875,8.875,0
1999-03-08,8.875,9,8.75,8.75,1100
1999-03-09,9.125,9.125,9.125,9.125,100
1999-03-10,9.125,9.125,9.125,9.125,1500
1999-03-11,9,9,8.625,8.625,600
1999-03-12,9.5,9.5,8.625,8.625,1300
1999-03-15,9,9,9,9,200
1999-03-16,8.75,8.75,8.75,8.75,300
1999-03-17,9,9,9,9,100
1999-03-18,9,9,9,9,0
1999-03-19,9.125,9.125,9.125,9.125,100
1999-03-22,8.875,8.875,8.875,8.875,700
1999-03-23,8.75,9.125,8.75,8.75,3200
1999-03-24,8.75,8.875,8.75,8.875,1100
1999-03-25,9,9.125,8.875,8.875,2000
1999-03-26,8.625,9.125,8.625,9.125,1700
1999-03-29,9,9,9,9,700
1999-03-30,9.25,9.25,9.25,9.25,200
1999-03-31,9.375,9.375,9.25,9.25,600
1999-04-01,9.375,9.375,9.375,9.375,1000
1999-04-05,9.5,9.5,9,9,8300
1999-04-06,8.75,9.5,8.75,9,2400
1999-04-07,9.25,9.25,9,9.25,3300
1999-04-08,9.25,9.25,8.625,8.625,10900
1999-04-09,8.75,9.25,8.75,9,3300
1999-04-12,9.5,9.5,8.75,9,1900
1999-04-13,9.5,9.5,8.75,9,4900
1999-04-14,8.875,9,8.875,9,5600
1999-04-15,9.375,9.375,8.5,9,8000
1999-04-16,9.375,9.375,9,9,3300
1999-04-19,9,9.375,8.75,9.375,1500
1999-04-20,8.875,9.125,8.875,9.125,700
1999-04-21,8.625,9.125,8.625,9,1700
1999-04-22,8.625,8.625,8.625,8.625,1000
1999-04-23,8.625,8.625,8.625,8.625,0
1999-04-26,9,9,9,9,400
1999-04-27,8.625,9,8.5,9,3300
1999-04-28,9,9,9,9,100
1999-04-29,8.5,8.625,8.5,8.625,600
1999-04-30,8.625,8.625,8.625,8.625,0
1999-05-03,8.875,8.875,8.875,8.875,600
1999-05-04,8.625,8.75,7.875,8.5,11400
1999-05-05,8.25,8.25,8.25,8.25,4600
1999-05-06,8,8,8,8,100
1999-05-07,8.25,8.25,8.125,8.125,700
1999-05-10,8.25,8.25,8.25,8.25,700
1999-05-11,8.25,8.25,8.25,8.25,200
1999-05-12,8.375,8.375,8.375,8.375,1100
1999-05-13,8.625,8.625,8.125,8.25,1900
1999-05-14,8.25,8.25,8,8.125,1100
1999-05-17,8.125,8.125,8,8.125,1600
1999-05-18,8,8.125,8,8.125,1100
1999-05-19,8.375,8.375,8.375,8.375,200
1999-05-20,8.375,8.375,8.25,8.25,1200
1999-05-21,8.5,8.5,8.375,8.375,1200
1999-05-24,8.5,8.5,8.5,8.5,100
1999-05-25,8.5,8.5,8.25,8.5,2700
1999-05-26,8.5,8.5,8.5,8.5,0
1999-05-27,8.25,8.5,8.25,8.5,3500
1999-05-28,8.25,8.25,8.25,8.25,500
1999-06-01,8.25,8.25,8.25,8.25,1000
1999-06-02,8.25,8.5,8.25,8.5,5000
1999-06-03,8.5,8.5,8.375,8.375,1800
1999-06-04,8.375,8.375,8.375,8.375,0
1999-06-07,8.5,8.75,8.5,8.75,1400
1999-06-08,8.75,8.75,8.75,8.75,0
1999-06-09,9.625,9.625,9.625,9.625,500
1999-06-10,9,9.9375,9,9.3125,11700
1999-06-11,9,9.125,9,9.125,1800
1999-06-14,9.125,9.3125,9,9.3125,2600
1999-06-15,9.3125,9.3125,8.875,9.3125,800
1999-06-16,9.3125,9.3125,9.3125,9.3125,500
1999-06-17,9.375,9.5,9.375,9.5,1400
1999-06-18,10,10,10,10,200
1999-06-21,9,9,9,9,400
1999-06-22,9.875,9.875,9.6875,9.6875,1300
1999-06-23,9.875,9.875,9,9.875,6900
1999-06-24,10,11,10,11,3100
1999-06-25,10.75,11.75,10.75,11.25,13600
1999-06-28,11.25,11.25,11.1875,11.1875,300
1999-06-29,11,11,11,11,100
1999-06-30,11.125,11.125,10.5,10.5,1600
1999-07-01,11.125,11.125,11.125,11.125,100
1999-07-02,10.5,11.125,10.5,11.125,200
1999-07-06,11.125,11.25,11,11.125,3000
1999-07-07,11.0625,11.375,11.0625,11.375,1100
1999-07-08,11.375,11.375,11.375,11.375,0
1999-07-09,10.75,11.4375,10.5,11,4300
1999-07-12,11.375,11.375,11.375,11.375,300
1999-07-13,10.75,11,10.75,11,600
1999-07-14,11,11.0625,11,11.0625,4500
1999-07-15,11.0625,11.0625,11.0625,11.0625,100
1999-07-16,11.0625,11.0625,11.0625,11.0625,2800
1999-07-19,11.0625,11.0625,11.0625,11.0625,0
1999-07-20,11.0625,11.0625,11.0625,11.0625,0
1999-07-21,11.0625,11.0625,11.0625,11.0625,700
1999-07-22,11,11,11,11,800
1999-07-23,10.75,11,10.75,11,1400
1999-07-26,10.9375,11,10.6875,11,6100
1999-07-27,11,11,11,11,1000
1999-07-28,10.9375,10.9375,10.9375,10.9375,2800
1999-07-29,10.9375,10.9375,10.9375,10.9375,0
1999-07-30,10.9375,10.9375,10.9375,10.9375,0
1999-08-02,10.75,10.75,10.75,10.75,100
1999-08-03,10.75,10.75,10.75,10.75,0
1999-08-04,10.75,10.75,10.75,10.75,0
1999-08-05,10.75,10.75,10.75,10.75,600
1999-08-06,10.75,10.75,10.75,10.75,500
1999-08-09,10.5,10.875,10.5,10.875,300
1999-08-10,10.875,10.9375,10.625,10.625,1200
1999-08-11,10.625,10.625,10.625,10.625,1200
1999-08-12,11,11,11,11,200
1999-08-13,10.625,10.625,10.625,10.625,500
1999-08-16,10.625,10.625,10.625,10.625,0
1999-08-17,10.625,11,10.5625,10.5625,1600
1999-08-18,11,11,10.9375,11,1300
1999-08-19,11,11,11,11,0
1999-08-20,11,11,11,11,0
1999-08-23,10.625,11,10.625,11,700
1999-08-24,11,11,10.625,10.625,400
1999-08-25,10.5,10.5,10.5,10.5,1800
1999-08-26,10.5,10.875,10.5,10.5,1400
1999-08-27,10.625,10.75,10.625,10.625,5100
1999-08-30,10.875,10.875,10.5,10.5,6900
1999-08-31,10.4375,10.4375,10.25,10.25,4000
1999-09-01,10.125,10.5,10.125,10.5,300
1999-09-02,10.125,10.125,9.875,9.875,2100
1999-09-03,9.75,9.75,9.75,9.75,100
1999-09-07,9.75,10,9.5,9.75,2100
1999-09-08,9.625,9.625,9.625,9.625,500
1999-09-09,9.625,9.625,9.625,9.625,900
1999-09-10,9.125,9.125,9.125,9.125,300
1999-09-13,9.125,9.125,9.125,9.125,0
1999-09-14,9,9,9,9,500
1999-09-15,9.25,9.25,8.875,8.875,1800
1999-09-16,8.5,8.875,8.5,8.875,400
1999-09-17,8.875,9,8.875,9,3000
1999-09-20,9,9,9,9,0
1999-09-21,9,9,9,9,2000
1999-09-22,9,9,9,9,0
1999-09-23,9,9,9,9,0
1999-09-24,9,9,9,9,0
1999-09-27,9,9,9,9,1000
1999-09-28,9,9,9,9,0
1999-09-29,9,9,9,9,0
1999-09-30,8.625,8.625,8.625,8.625,3000
1999-10-01,8.5,8.75,8.5,8.75,1500
1999-10-04,8.75,8.75,8.75,8.75,0
1999-10-05,8.875,8.875,8.875,8.875,1900
1999-10-06,8.875,8.875,8.875,8.875,0
1999-10-07,8.625,8.625,8.5,8.5,3000
1999-10-08,8.5,8.875,8.5,8.5625,14000
1999-10-11,8.5,8.5,8.5,8.5,2500
1999-10-12,8.5,8.5,8.5,8.5,2000
1999-10-13,8.25,8.25,8,8,1400
1999-10-14,8,8,7.4375,7.875,9500
1999-10-15,8,8.25,7.875,8.125,10000
1999-10-18,8.375,8.375,8.375,8.375,600
1999-10-19,8.5,9.1875,8.5,8.875,6300
1999-10-20,8.75,8.75,8.75,8.75,3100
1999-10-21,8.6875,8.6875,8.6875,8.6875,0
1999-10-22,8.875,8.875,8.875,8.875,200
1999-10-25,8.875,9.5,8.875,9.5,2000
1999-10-26,9,9,9,9,500
1999-10-27,9.125,9.125,9.125,9.125,200
1999-10-28,9.125,9.25,9.125,9.25,1300
1999-10-29,9.25,9.25,9.25,9.25,0
1999-11-01,9.125,9.125,9.125,9.125,1100
1999-11-02,9.75,9.75,9.75,9.75,1500
1999-11-03,9.875,9.875,9.875,9.875,400
1999-11-04,10,10,10,10,2600
1999-11-05,9.625,9.625,9.625,9.625,100
1999-11-08,9.625,9.625,9.625,9.625,0
1999-11-09,9.5,10,9.5,9.625,1200
1999-11-10,10,10,10,10,1000
1999-11-11,9.25,9.25,9.25,9.25,100
1999-11-12,9.25,9.25,9.25,9.25,0
1999-11-15,10,10,10,10,1000
1999-11-16,10.25,10.25,9.5,9.5,1700
1999-11-17,9.75,9.75,9.375,9.375,900
1999-11-18,9.375,9.875,9.375,9.875,3200
1999-11-19,9.875,9.875,9.875,9.875,0
1999-11-22,9.25,9.5,9.25,9.5,1100
1999-11-23,9.875,9.875,9.875,9.875,500
1999-11-24,9.875,10,9.875,10,3500
1999-11-26,10,10,10,10,0
1999-11-29,9.75,9.875,9.25,9.375,3700
1999-11-30,9.375,9.5,9.25,9.25,4100
1999-12-01,9.25,9.5,9.25,9.25,7900
1999-12-02,9.125,9.125,9.125,9.125,800
1999-12-03,9.125,9.125,9.125,9.125,200
1999-12-06,9.125,9.125,9.125,9.125,0
1999-12-07,9.625,9.75,9.5,9.5,1200
1999-12-08,10.25,10.5,10,10,5200
1999-12-09,10.125,10.375,9.75,9.875,13800
1999-12-10,10.125,10.125,10.125,10.125,2900
1999-12-13,10.125,10.125,9.5,9.75,3900
1999-12-14,9.5,9.5,9.5,9.5,1900
1999-12-15,9.5,10,9.5,10,1400
1999-12-16,9.5,10,9.5,9.5,6000
1999-12-17,9.5,9.5,9.5,9.5,0
1999-12-20,9.5,9.5,9.5,9.5,0
1999-12-21,9.75,10,9.75,10,11500
1999-12-22,10,10,10,10,0
1999-12-23,10,10,9.625,9.625,500
1999-12-27,9.75,9.75,9.5,9.5,700
1999-12-28,9.5,9.5,9.5,9.5,100
1999-12-29,9.625,10.25,9.625,10.25,8700
1999-12-30,10,10.375,10,10,4200
1999-12-31,10,10,9.25,9.25,12100
2000-01-03,9.125,9.25,9,9,1500
2000-01-04,9.5,9.5,9.125,9.125,3400
2000-01-05,9.375,9.375,9.375,9.375,100
2000-01-06,9.375,9.375,9.375,9.375,100
2000-01-07,9.375,9.375,9.375,9.375,100
2000-01-10,9.375,9.375,9.375,9.375,400
2000-01-11,9.375,9.375,9,9,1200
2000-01-12,9.25,9.25,9.25,9.25,6100
2000-01-13,9.375,9.375,9.375,9.375,400
2000-01-14,9.25,9.25,9.25,9.25,2600
2000-01-18,9.25,9.25,9,9,13600
2000-01-19,8.875,9,8.5,8.5,9500
2000-01-20,8.6875,9,8.5,8.5,2700
2000-01-21,8.5,9,8.5,8.875,2400
2000-01-24,8.875,8.875,8.25,8.25,1900
2000-01-25,8.25,8.5,8.0625,8.0625,5400
2000-01-26,8.125,8.5,8.125,8.125,5400
2000-01-27,8.25,8.25,8,8,2100
2000-01-28,8.0625,8.25,8,8,1600
2000-01-31,8,8,8,8,0
2000-02-01,8.125,8.5,8.125,8.5,2600
2000-02-02,8.5,8.5,8.5,8.5,400
2000-02-03,8.25,8.375,8.25,8.375,2500
2000-02-04,8.375,8.375,8.375,8.375,2000
2000-02-07,8.125,8.125,8.125,8.125,600
2000-02-08,8.25,8.3125,8.25,8.3125,3600
2000-02-09,8.125,8.375,8.125,8.125,4400
2000-02-10,8.125,8.125,8.125,8.125,0
2000-02-11,8.375,8.5,8.125,8.125,14000
2000-02-14,8.5,8.5,8.0625,8.25,2200
2000-02-15,8.25,8.25,8.25,8.25,400
2000-02-16,8.0625,8.25,8.0625,8.25,4500
2000-02-17,8.125,8.125,8.125,8.125,500
2000-02-18,8.125,8.3125,8,8.0625,16400
2000-02-22,8.3125,8.3125,8,8,1400
2000-02-23,8.0625,8.0625,8.0625,8.0625,200
2000-02-24,8.0625,8.0625,7.9375,8,21700
2000-02-25,8.25,8.25,7.8125,8,2100
2000-02-28,7.875,7.875,7.75,7.75,2800
2000-02-29,7.9375,7.9375,7.75,7.75,1900
2000-03-01,8,8,8,8,200
2000-03-02,7.9375,7.9375,7.75,7.75,4200
2000-03-03,7.8125,8,7.8125,8,5000
2000-03-06,8,8,8,8,0
2000-03-07,8,8,8,8,0
2000-03-08,8,8,8,8,400
2000-03-09,8,8,8,8,0
2000-03-10,7.75,7.75,7.75,7.75,300
2000-03-13,7.75,7.875,7.625,7.75,4900
2000-03-14,7.625,7.625,7.625,7.625,300
2000-03-15,7.625,7.875,7.5,7.875,1000
2000-03-16,7.875,7.875,7.875,7.875,100
2000-03-17,7.875,7.875,7.875,7.875,0
2000-03-20,7.875,7.875,7.875,7.875,0
2000-03-21,7.75,7.75,7.5,7.5,5800
2000-03-22,7.875,7.875,7.875,7.875,1000
2000-03-23,7.5,7.5,7.5,7.5,3500
2000-03-24,7.875,8,7.875,8,500
2000-03-27,7.9375,7.9375,7.9375,7.9375,400
2000-03-28,7.5,7.75,7.5,7.625,8600
2000-03-29,7.625,7.625,7.625,7.625,0
2000-03-30,7.625,7.625,7.625,7.625,0
2000-03-31,7.5,7.75,7.5,7.75,2300
2000-04-03,7.5,7.5,7.5,7.5,100
2000-04-04,7.75,7.75,7.5,7.5,700
2000-04-05,7.5,7.5,7.5,7.5,800
2000-04-06,7.5,7.5,7.5,7.5,1700
2000-04-07,7.75,7.75,7.5,7.5,2000
2000-04-10,7.625,7.625,7.625,7.625,1100
2000-04-11,7.625,7.625,7.5,7.5,8600
2000-04-12,7.4375,7.4375,7.1875,7.4375,500
2000-04-13,7.4375,7.4375,7.4375,7.4375,0
2000-04-14,7.4375,7.4375,7.4375,7.4375,0
2000-04-17,7.625,7.625,7.125,7.125,1400
2000-04-18,7.125,7.125,7.125,7.125,0
2000-04-19,7.75,7.75,7.25,7.625,8700
2000-04-20,7.625,7.75,7.625,7.75,1200
2000-04-24,7.75,7.75,7.75,7.75,400
2000-04-25,7.75,7.875,7.75,7.75,1400
2000-04-26,7.75,7.75,7.75,7.75,0
2000-04-27,7.5625,7.75,7.5,7.75,900
2000-04-28,7.875,7.875,7.625,7.625,600
2000-05-01,7.75,7.75,7.75,7.75,100
2000-05-02,7.5,7.5,7.5,7.5,2000
2000-05-03,7.75,7.75,7.75,7.75,200
2000-05-04,7.4375,7.75,7.4375,7.75,600
2000-05-05,7.75,7.75,7.75,7.75,700
2000-05-08,7.75,7.75,7.625,7.625,2300
2000-05-09,7.75,7.75,7.75,7.75,100
2000-05-10,7.625,7.75,7.5,7.75,2400
2000-05-11,7.875,7.875,7.5,7.75,900
2000-05-12,7.75,7.75,7.75,7.75,0
2000-05-15,7.75,7.75,7.75,7.75,0
2000-05-16,7.75,7.75,7.75,7.75,0
2000-05-17,7.75,7.75,7.75,7.75,0
2000-05-18,7.875,7.875,7.75,7.75,300
2000-05-19,7.875,7.875,7.5625,7.5625,6800
2000-05-22,7.8125,7.8125,7.5625,7.75,1100
2000-05-23,7.75,7.75,7.625,7.625,2000
2000-05-24,7.5,7.5,7.5,7.5,8400
2000-05-25,7.625,7.625,7.625,7.625,5000
2000-05-26,7.625,7.625,7.5,7.5,2700
2000-05-30,7.625,8,7.5,7.5,2500
2000-05-31,8,8,8,8,800
2000-06-01,8,8.125,8,8,2500
2000-06-02,8,8.25,8,8.25,800
2000-06-05,8.25,8.25,8.25,8.25,0
2000-06-06,8.25,8.25,8.25,8.25,0
2000-06-07,8.25,8.25,8.25,8.25,0
2000-06-08,8.125,8.125,8,8,500
2000-06-09,7.625,7.625,7.625,7.625,900
2000-06-12,8,8,7.625,7.625,1000
2000-06-13,8,8,7.8125,7.8125,600
2000-06-14,7.8125,7.8125,7.8125,7.8125,200
2000-06-15,8,8,8,8,2100
2000-06-16,8,8,8,8,1400
2000-06-19,8,8,8,8,400
2000-06-20,7.8125,7.8125,7.8125,7.8125,200
2000-06-21,8,8,8,8,4500
2000-06-22,8,8,8,8,0
2000-06-23,7.8125,7.8125,7.75,7.75,5000
2000-06-26,7.75,7.75,7.75,7.75,2400
2000-06-27,7.75,7.75,7.75,7.75,0
2000-06-28,7.875,7.875,7.875,7.875,1500
2000-06-29,7.75,7.75,7.75,7.75,800
2000-06-30,7.75,7.75,7.75,7.75,1000
2000-07-03,7.75,7.75,7.75,7.75,0
2000-07-05,7.75,7.75,7.625,7.625,6000
2000-07-06,7.625,7.875,7.625,7.625,2200
2000-07-07,7.625,7.625,7.625,7.625,0
2000-07-10,7.75,7.75,7.75,7.75,1000
2000-07-11,7.75,7.75,7.75,7.75,0
2000-07-12,7.75,7.75,7.75,7.75,0
2000-07-13,7.5625,7.5625,7.5625,7.5625,200
2000-07-14,7.625,7.78125,7.5,7.625,1500
2000-07-17,7.53125,7.8125,7.53125,7.8125,200
2000-07-18,7.375,7.375,7.375,7.375,200
2000-07-19,7.5,7.5,7.5,7.5,600
2000-07-20,7.5,7.5,7.5,7.5,300
2000-07-21,7.5,7.5,7.5,7.5,0
2000-07-24,7.875,7.875,7.875,7.875,200
2000-07-25,7.375,7.375,7.375,7.375,2400
2000-07-26,7.5,7.5,7.5,7.5,500
2000-07-27,7.375,7.375,7.375,7.375,1800
2000-07-28,7.375,7.375,7.25,7.25,4500
2000-07-31,7.625,7.875,7.625,7.875,1500
2000-08-01,7.375,7.375,6.9375,6.9375,4300
2000-08-02,6.9375,7,6.9375,7,2100
2000-08-03,7,7,7,7,0
2000-08-04,6.875,6.875,6.875,6.875,2000
2000-08-07,7,7,7,7,6400
2000-08-08,7,7,7,7,0
2000-08-09,7,7,7,7,400
2000-08-10,7,7,7,7,2600
2000-08-11,7.125,7.125,7.125,7.125,1300
2000-08-14,6.875,7.5,6.875,7.5,600
2000-08-15,7.375,7.375,7.375,7.375,100
2000-08-16,7.375,7.375,7.375,7.375,0
2000-08-17,7.5,7.5,7.5,7.5,200
2000-08-18,7.25,7.25,7.25,7.25,500
2000-08-21,7.25,7.5,7.25,7.5,600
2000-08-22,7.5,7.5,7.5,7.5,0
2000-08-23,7.5,7.5,7.5,7.5,0
2000-08-24,7.375,7.375,7.25,7.25,3100
2000-08-25,7.25,7.25,7.25,7.25,0
2000-08-28,7.25,7.25,7.125,7.125,700
2000-08-29,7.1875,7.1875,7.1875,7.1875,2400
2000-08-30,7.1875,7.1875,7.1875,7.1875,0
2000-08-31,7.1875,7.1875,7.1875,7.1875,0
2000-09-01,7.15625,7.15625,5.6875,5.6875,13800
2000-09-05,6.5,8,6.5,7.75,8200
2000-09-06,7.75,7.75,7.75,7.75,0
2000-09-07,7.5,7.5,7.5,7.5,1400
2000-09-08,7.5,7.5,7.5,7.5,0
2000-09-11,7.625,7.625,6.875,7,3200
2000-09-12,7.25,7.25,7.125,7.125,200
2000-09-13,7,7,6.875,6.875,600
2000-09-14,7,7,7,7,3000
2000-09-15,7,7,7,7,800
2000-09-18,6.875,7,6.875,7,300
2000-09-19,6.875,6.875,6.875,6.875,200
2000-09-20,6.875,6.875,6.875,6.875,800
2000-09-21,7.375,7.375,7.375,7.375,1500
2000-09-22,7,7,6.75,6.75,1500
2000-09-25,6.75,6.75,6.75,6.75,0
2000-09-26,6.75,6.75,6.75,6.75,0
2000-09-27,6.75,6.75,6.75,6.75,0
2000-09-28,6.875,6.875,6.875,6.875,400
2000-09-29,7,7.125,6.625,6.625,2900
2000-10-02,7,7,7,7,400
2000-10-03,7.5,7.5,7,7.5,3300
2000-10-04,6.625,7.5,6.625,7.5,1200
2000-10-05,7.5,7.5,7.5,7.5,0
2000-10-06,6.75,6.75,6.75,6.75,500
2000-10-09,6.75,6.75,6.75,6.75,0
2000-10-10,6.625,6.75,6.625,6.75,900
2000-10-11,6.5,6.75,6.5,6.75,400
2000-10-12,6.5,6.5,6.5,6.5,800
2000-10-13,6.5,6.5,6.5,6.5,300
2000-10-16,6.5,6.5,6.5,6.5,0
2000-10-17,6.5625,6.5625,6.53125,6.53125,1000
2000-10-18,6.5625,6.5625,6.5,6.5,2100
2000-10-19,6.5625,6.5625,6.5625,6.5625,100
2000-10-20,6.3125,6.3125,6.25,6.25,5300
2000-10-23,6.25,6.25,6.25,6.25,1600
2000-10-24,6.1875,6.1875,6.1875,6.1875,0
2000-10-25,6.25,6.25,6.0625,6.0625,6000
2000-10-26,6.25,6.25,6.0625,6.1875,1500
2000-10-27,6.1875,6.1875,6.1875,6.1875,0
2000-10-30,6.1875,6.1875,6.1875,6.1875,0
2000-10-31,6.125,6.125,6.03125,6.03125,1400
2000-11-01,6.03125,6.0625,6.03125,6.0625,1400
2000-11-02,6.0625,6.0625,6.0625,6.0625,200
2000-11-03,6.1875,6.1875,6.1875,6.1875,200
2000-11-06,6.1875,6.25,6.1875,6.25,1400
2000-11-07,6.25,6.25,6.25,6.25,0
2000-11-08,6,6,6,6,3000
2000-11-09,6.1875,6.1875,6.1875,6.1875,100
2000-11-10,6,6.0625,6,6.0625,900
2000-11-13,6.25,6.25,6.1875,6.1875,1400
2000-11-14,6.1875,6.25,6,6.25,13100
2000-11-15,6.875,6.875,6,6,2100
2000-11-16,6,6,6,6,0
2000-11-17,6,6,6,6,0
2000-11-20,6,6,6,6,0
2000-11-21,6.875,6.875,6.875,6.875,200
2000-11-22,6.25,6.25,6.25,6.25,400
2000-11-24,6.25,6.25,6.25,6.25,0
2000-11-27,6.875,6.875,6.5,6.5,900
2000-11-28,6.5,6.5,6.5,6.5,700
2000-11-29,6.5,6.5,6,6,4300
2000-11-30,6,6.5,5.75,6.5,5000
2000-12-01,6.25,6.25,6.25,6.25,2000
2000-12-04,5.75,6,5.75,6,2300
2000-12-05,6,6,6,6,2700
2000-12-06,5.875,6.5,5.875,6,5100
2000-12-07,6,6.5,6,6,2500
2000-12-08,6.25,6.25,6,6,1100
2000-12-11,6.25,6.75,6.25,6.5,6400
2000-12-12,6.25,6.375,6.25,6.375,2300
2000-12-13,6.25,6.25,6.25,6.25,1200
2000-12-14,6.25,6.25,6.25,6.25,0
2000-12-15,6.375,6.375,6.375,6.375,200
2000-12-18,6.5,6.75,6.5,6.75,2400
2000-12-19,6.75,6.75,6.75,6.75,0
2000-12-20,6.75,6.75,6.75,6.75,0
2000-12-21,6.25,6.25,6.25,6.25,3500
2000-12-22,6.5,6.75,6.5,6.5,7600
2000-12-26,6.625,6.8125,6.625,6.8125,4700
2000-12-27,6.5,6.875,6.5,6.875,2100
2000-12-28,6.875,7,6.75,6.75,11700
2000-12-29,6.9375,7.1875,6.9375,6.9375,17800
2001-01-02,6.9375,6.9375,6.9375,6.9375,0
2001-01-03,6.9375,6.9375,6.9375,6.9375,0
2001-01-04,6.9375,6.9375,6.9375,6.9375,0
2001-01-05,7.125,7.25,7.125,7.25,1500
2001-01-08,7.5,7.5,7.1875,7.375,6200
2001-01-09,7.375,7.375,7.375,7.375,0
2001-01-10,7.75,7.75,7.75,7.75,800
2001-01-11,7.875,7.9375,7.875,7.9375,2200
2001-01-12,7.9375,8,7.9375,8,2700
2001-01-16,8,8,8,8,0
2001-01-17,7.875,8.125,7.5,8.125,8300
2001-01-18,8.0625,8.0625,8.0625,8.0625,0
2001-01-19,8.0625,8.0625,8.0625,8.0625,0
2001-01-22,8.0625,8.0625,8.0625,8.0625,0
2001-01-23,8.0625,8.0625,8.0625,8.0625,0
2001-01-24,7.9375,8,7.9375,8,2300
2001-01-25,7.9375,7.9375,7.9375,7.9375,1200
2001-01-26,7.875,7.875,7.375,7.375,6000
2001-01-29,7.625,7.9375,7.625,7.9375,1300
2001-01-30,7.5,7.5,7.5,7.5,400
2001-01-31,7.5,7.5,7.5,7.5,4200
2001-02-01,7.5,7.5,7.5,7.5,1000
2001-02-02,7.5,7.5,7.5,7.5,1000
2001-02-05,7.5,7.5,7.25,7.25,2900
2001-02-06,7.25,7.25,7.0625,7.0625,2500
2001-02-07,7.0625,7.0625,7.0625,7.0625,0
2001-02-08,7,7,7,7,1700
2001-02-09,7,7,7,7,0
2001-02-12,7.3125,7.3125,6.875,7.0625,10600
2001-02-13,7.0625,7.0625,7.0625,7.0625,0
2001-02-14,7.25,7.4375,7.25,7.4375,2000
2001-02-15,7.4375,7.4375,7.4375,7.4375,0
2001-02-16,7.4375,7.4375,7.4375,7.4375,0
2001-02-20,7.4375,7.4375,7.4375,7.4375,0
2001-02-21,7.4375,7.4375,7.4375,7.4375,3500
2001-02-22,7.25,7.25,7.25,7.25,2000
2001-02-23,6.875,6.875,6.875,6.875,300
2001-02-26,6.875,6.875,6.875,6.875,0
2001-02-27,6.9375,6.9375,6.9375,6.9375,1400
2001-02-28,7,7,7,7,9200
2001-03-01,7,7,7,7,0
2001-03-02,6.9375,6.9375,6.9375,6.9375,400
2001-03-05,6.9375,6.9375,6.9375,6.9375,0
2001-03-06,7.4375,7.4375,6.9375,6.9375,200
2001-03-07,6.9375,6.9375,6.9375,6.9375,0
2001-03-08,6.8125,6.8125,6.75,6.75,1800
2001-03-09,7,7,7,7,1000
2001-03-12,7,7,7,7,0
2001-03-13,7,7,7,7,2000
2001-03-14,7,7,7,7,0
2001-03-15,7,7,7,7,0
2001-03-16,7,7,7,7,0
2001-03-19,6.75,6.75,6.75,6.75,1400
2001-03-20,6.75,6.75,6.75,6.75,800
2001-03-21,6.75,6.75,6.75,6.75,500
2001-03-22,6.5,6.5,6.5,6.5,5500
2001-03-23,6.5,6.5,6.5,6.5,0
2001-03-26,6.5,6.5,6.5,6.5,0
2001-03-27,6.25,6.25,6.25,6.25,100
2001-03-28,6.5,6.5,6.5,6.5,2000
2001-03-29,6.625,6.625,6.625,6.625,1200
2001-03-30,6.75,7,6.75,7,4000
2001-04-02,7,7,7,7,0
2001-04-03,7,7.1875,7,7.125,1400
2001-04-04,6.375,7.1875,6.3125,7.1875,43600
2001-04-05,7.1875,7.1875,7.1875,7.1875,0
2001-04-06,7.25,7.25,7.25,7.25,500
2001-04-09,7.25,7.25,7.25,7.25,0
2001-04-10,7.25,7.3,6.75,6.75,800
2001-04-11,6.75,6.75,6.75,6.75,500
2001-04-12,6.75,6.75,6.75,6.75,0
2001-04-16,6.75,6.75,6.75,6.75,0
2001-04-17,6.75,6.75,6.75,6.75,0
2001-04-18,6.9,6.9,6.75,6.75,1600
2001-04-19,6.75,6.75,6.75,6.75,0
2001-04-20,6.75,6.75,6.75,6.75,0
2001-04-23,6.95,6.95,6.75,6.75,1200
2001-04-24,6.75,6.75,6.75,6.75,0
2001-04-25,6.5,6.5,6.5,6.5,500
2001-04-26,6.5,6.5,6.5,6.5,500
2001-04-27,6.4,6.4,6.4,6.4,2300
2001-04-30,6.95,6.95,6.65,6.65,200
2001-05-01,6.65,6.65,6.65,6.65,0
2001-05-02,6.4,6.4,6.4,6.4,500
2001-05-03,6.4,6.4,6.4,6.4,0
2001-05-04,6.4,6.4,6.4,6.4,0
2001-05-07,6.45,6.45,6.45,6.45,1600
2001-05-08,6.45,6.45,6.45,6.45,0
2001-05-09,6.8,6.95,6.75,6.75,3400
2001-05-10,6.45,6.6,6.45,6.56,7500
2001-05-11,6.65,6.65,6.65,6.65,100
2001-05-14,6.65,6.65,6.65,6.65,0
2001-05-15,7,7,7,7,200
2001-05-16,7,7,7,7,0
2001-05-17,6.75,6.75,6.65,6.65,2500
2001-05-18,7,7,7,7,2100
2001-05-21,6.75,6.75,6.65,6.65,2400
2001-05-22,6.75,6.75,6.65,6.65,1400
2001-05-23,6.75,6.75,6.75,6.75,100
2001-05-24,6.75,6.75,6.75,6.75,200
2001-05-25,6.33,7,6.33,6.75,9000
2001-05-29,6.33,6.33,6.33,6.33,100
2001-05-30,6.33,6.33,6.33,6.33,0
2001-05-31,6.33,6.75,6.33,6.75,300
2001-06-01,6.75,6.75,6.33,6.35,1400
2001-06-04,6.35,6.38,6.35,6.38,500
2001-06-05,6.4,6.4,6.4,6.4,500
2001-06-06,6.75,6.75,6.25,6.25,1100
2001-06-07,6.25,6.7,6.25,6.4,1300
2001-06-08,6.7,6.7,6.7,6.7,100
2001-06-11,6.7,6.7,6.7,6.7,0
2001-06-12,6.25,6.25,6.25,6.25,500
2001-06-13,6.25,6.25,6.25,6.25,0
2001-06-14,6.25,6.25,6.25,6.25,0
2001-06-15,6.25,6.25,6.25,6.25,0
2001-06-18,6.25,6.25,6.25,6.25,0
2001-06-19,6.25,6.25,6.25,6.25,0
2001-06-20,6.75,6.75,6.75,6.75,700
2001-06-21,6.75,6.75,6.75,6.75,0
2001-06-22,6.75,6.75,6.75,6.75,0
2001-06-25,6.75,6.75,6.75,6.75,0
2001-06-26,6.73,6.73,6.73,6.73,400
2001-06-27,6.73,6.73,6.73,6.73,0
2001-06-28,6.75,6.75,6.75,6.75,10500
2001-06-29,6.75,6.75,6,6.35,24900
2001-07-02,6.75,6.75,6.65,6.65,5300
2001-07-03,6.65,6.65,6.65,6.65,2500
2001-07-05,6.65,6.65,6.65,6.65,2000
2001-07-06,6.65,6.65,6.65,6.65,2200
2001-07-09,6.4,6.65,6.4,6.65,7200
2001-07-10,6.3,6.7,6.3,6.3,7000
2001-07-11,6.3,6.3,6.3,6.3,100
2001-07-12,6.3,6.3,6.3,6.3,0
2001-07-13,6.3,6.65,6.3,6.65,7200
2001-07-16,6.65,6.65,6.65,6.65,0
2001-07-17,6.75,6.75,6.5,6.5,200
2001-07-18,6.5,6.5,6.31,6.31,1000
2001-07-19,6.75,6.75,6.75,6.75,600
2001-07-20,6.75,6.75,6.75,6.75,0
2001-07-23,6.41,6.41,6.35,6.35,20000
2001-07-24,6.7,6.7,6.41,6.41,2900
2001-07-25,6.41,6.41,6.41,6.41,2400
2001-07-26,6.7,6.7,6.7,6.7,400
2001-07-27,6.35,6.35,6.35,6.35,100
2001-07-30,6.5,6.5,6.5,6.5,600
2001-07-31,6.3,6.5,6.3,6.5,5300
2001-08-01,6.41,6.5,6.41,6.5,2200
2001-08-02,6.55,6.55,6.5,6.5,11600
2001-08-03,6,6.41,6,6.1,7100
2001-08-06,6.62,6.75,6.62,6.63,11700
2001-08-07,6.05,6.05,6.05,6.05,100
2001-08-08,6.05,6.05,6.05,6.05,0
2001-08-09,6.05,6.05,6.05,6.05,0
2001-08-10,6.05,6.05,6.05,6.05,0
2001-08-13,6.75,7.25,6.5,6.75,3000
2001-08-14,6.5,6.5,6.5,6.5,100
2001-08-15,6.7,6.7,6.7,6.7,2000
2001-08-16,6.7,6.7,6.7,6.7,0
2001-08-17,6.68,6.68,6.68,6.68,200
2001-08-20,6.68,6.68,6.68,6.68,0
2001-08-21,6.85,6.85,6.85,6.85,100
2001-08-22,6.85,6.85,6.85,6.85,0
2001-08-23,6.85,6.85,6.85,6.85,0
2001-08-24,6.5,6.5,6.2,6.5,1800
2001-08-27,6.85,6.85,6.85,6.85,400
2001-08-28,6.85,6.85,6.85,6.85,0
2001-08-29,6.85,6.85,6.85,6.85,0
2001-08-30,6.85,6.85,6.85,6.85,0
2001-08-31,6.85,6.85,6.85,6.85,0
2001-09-04,6.5,6.5,6.5,6.5,100
2001-09-05,6.5,6.5,6.5,6.5,0
2001-09-06,6.5,6.5,6.5,6.5,0
2001-09-07,6.1,6.1,6.1,6.1,1000
2001-09-10,6.1,6.1,6.1,6.1,0
2001-09-17,6.15,6.25,6.15,6.25,2200
2001-09-18,6.25,6.45,6.25,6.45,1600
2001-09-19,6.45,6.45,6.45,6.45,700
2001-09-20,6.25,6.25,6.1,6.1,1500
2001-09-21,6.25,6.25,6.25,6.25,200
2001-09-24,6.25,6.25,6.25,6.25,1900
2001-09-25,6.25,6.25,6.25,6.25,500
2001-09-26,6.25,6.75,6.25,6.75,3600
2001-09-27,6.25,6.75,6.25,6.75,1200
2001-09-28,6.95,6.95,6.95,6.95,200
2001-10-01,6.95,6.95,6.95,6.95,0
2001-10-02,6.25,6.25,6.05,6.05,400
2001-10-03,6.05,6.05,6.05,6.05,0
2001-10-04,6.5,7,6.05,7,2000
2001-10-05,7,7,7,7,0
2001-10-08,6.15,6.15,6.15,6.15,200
2001-10-09,6.65,6.95,6.63,6.95,3500
2001-10-10,6.5,6.5,6.5,6.5,500
2001-10-11,6.5,6.98,6.4,6.98,3300
2001-10-12,6.98,6.98,6.98,6.98,0
2001-10-15,6.4,6.4,6.4,6.4,400
2001-10-16,6.4,6.4,6.4,6.4,1000
2001-10-17,6.95,6.95,6.45,6.95,3000
2001-10-18,6.45,6.85,6.45,6.85,2000
2001-10-19,6.9,6.9,6.9,6.9,1000
2001-10-22,6.9,6.9,6.9,6.9,0
2001-10-23,6.5,6.5,6.5,6.5,1000
2001-10-24,6.5,6.5,6.5,6.5,1500
2001-10-25,6.85,6.88,6.45,6.85,22600
2001-10-26,6.85,6.85,6.85,6.85,1100
2001-10-29,6.85,6.85,6.85,6.85,0
2001-10-30,6.45,6.55,6.45,6.55,3000
2001-10-31,6.55,6.55,6.55,6.55,2100
2001-11-01,6.55,6.55,6.55,6.55,200
2001-11-02,6.55,6.55,6.51,6.51,1100
2001-11-05,6.5,6.75,6.5,6.75,3700
2001-11-06,6.63,6.63,6.63,6.63,1400
2001-11-07,6.63,6.63,6.63,6.63,0
2001-11-08,6.6,6.6,6.6,6.6,600
2001-11-09,6.6,6.6,6.6,6.6,500
2001-11-12,6.6,6.6,6,6.21,17300
2001-11-13,6.72,6.72,6.7,6.7,4200
2001-11-14,6.05,6.75,6.05,6.24,6200
2001-11-15,6.24,6.64,6.24,6.64,5900
2001-11-16,6.67,6.67,6.67,6.67,5000
2001-11-19,6.1,6.1,6.1,6.1,2300
2001-11-20,6.75,6.75,6.6,6.6,7200
2001-11-21,6.6,6.6,6.6,6.6,1100
2001-11-23,6.6,6.6,6.6,6.6,0
2001-11-26,6.6,6.6,6.6,6.6,1000
2001-11-27,6.2,6.99,6.2,6.75,6900
2001-11-28,6.75,6.75,6.75,6.75,700
2001-11-29,6.9,6.9,6.9,6.9,1500
2001-11-30,6.9,6.9,6.85,6.85,2000
2001-12-03,6.85,6.85,6.85,6.85,0
2001-12-04,7,7,7,7,1900
2001-12-05,6.99,7,6.85,6.85,3000
2001-12-06,6.85,6.85,6.85,6.85,0
2001-12-07,6.86,7,6.85,7,2700
2001-12-10,7,7,7,7,500
2001-12-11,7,7,7,7,0
2001-12-12,7,7,7,7,0
2001-12-13,7,7,7,7,0
2001-12-14,7.04,7.04,7,7,1400
2001-12-17,7,7,7,7,500
2001-12-18,7,7,6.79,6.79,6100
2001-12-19,6.99,7,6.99,7,1500
2001-12-20,7,7.3,6.95,6.95,13900
2001-12-21,7,7,6.8,7,9300
2001-12-24,7,7,7,7,300
2001-12-26,7.04,7.04,7.04,7.04,200
2001-12-27,7.04,7.04,7.04,7.04,1300
2001-12-28,7.1,7.1,7.04,7.1,3600
2001-12-31,6.89,7,6.89,7,3700
2002-01-02,7,7,7,7,0
2002-01-03,7.1,7.1,7.05,7.05,2800
2002-01-04,7.2,7.2,7.2,7.2,1000
2002-01-07,7.1,7.25,7.1,7.25,1800
2002-01-08,7.25,7.25,7.25,7.25,0
2002-01-09,7.3,8.05,7.3,7.5,2100
2002-01-10,8,8,8,8,1700
2002-01-11,8,8.17,8,8.17,3500
2002-01-14,7.4,8.3,7.4,8.3,900
2002-01-15,8.3,8.3,8.3,8.3,600
2002-01-16,8.25,8.25,8,8,800
2002-01-17,8.4,8.4,8.4,8.4,200
2002-01-18,8.45,8.58,8.41,8.58,3600
2002-01-22,8.58,10.12,8.52,9.35,4500
2002-01-23,9.36,9.36,8.51,8.99,1600
2002-01-24,9.25,9.25,8.6,9,5400
2002-01-25,9.02,9.02,9.02,9.02,500
2002-01-28,9.02,9.02,9,9,3400
2002-01-29,9,9,8.93,8.93,900
2002-01-30,8.93,9.05,8.93,9.05,400
2002-01-31,8.93,9,8.93,9,800
2002-02-01,8.94,8.94,8.94,8.94,300
2002-02-04,8.95,9.08,8.2,9.08,7100
2002-02-05,9.09,9.09,9,9,4700
2002-02-06,9,9,9,9,0
2002-02-07,8.96,9,8.96,9,1600
2002-02-08,9.2,9.2,9,9,3700
2002-02-11,9.01,9.8,9.01,9.7,8400
2002-02-12,9.78,9.78,9.78,9.78,200
2002-02-13,9.8,9.8,9.8,9.8,400
2002-02-14,9.8,9.8,9.8,9.8,0
2002-02-15,9.8,9.9,9.8,9.9,800
2002-02-19,9.6,9.8,9.45,9.45,4200
2002-02-20,9.75,10.09,9.75,10.05,2100
2002-02-21,10.05,10.05,10.05,10.05,0
2002-02-22,9.85,9.85,9.85,9.85,800
2002-02-25,9.85,9.86,9.6,9.6,3600
2002-02-26,9.6,9.6,9.6,9.6,100
2002-02-27,9.6,9.65,9.6,9.65,1600
2002-02-28,9.65,9.65,9.65,9.65,0
2002-03-01,9.65,9.7,9.6,9.7,4300
2002-03-04,9.6,9.6,9.6,9.6,100
2002-03-05,9.6,9.6,9.6,9.6,0
2002-03-06,9.6,9.75,9.6,9.75,9800
2002-03-07,9.75,9.75,9.75,9.75,2500
2002-03-08,9.75,9.75,9.75,9.75,3400
2002-03-11,9.9,10,9.75,9.75,2100
2002-03-12,10.3,10.31,9.9,10,17200
2002-03-13,9.76,10.25,9.76,10.25,3200
2002-03-14,10.25,10.48,10.25,10.25,800
2002-03-15,10.5,10.55,10.5,10.55,400
2002-03-18,10.55,10.62,10.55,10.62,600
2002-03-19,10.25,10.28,10.25,10.28,200
2002-03-20,10.26,10.74,10.26,10.5,3200
2002-03-21,10.5,10.5,10.5,10.5,0
2002-03-22,10.5,10.5,10.5,10.5,200
2002-03-25,10.74,10.86,10.5,10.5,2500
2002-03-26,10.86,10.86,10.3,10.3,10400
2002-03-27,11,11,10.5,10.5,500
2002-03-28,10.5,10.75,10.3,10.3,2400
2002-04-01,10.35,10.35,10.35,10.35,4300
2002-04-02,10.5,10.5,10.5,10.5,1200
2002-04-03,10.5,10.97,10.5,10.97,1500
2002-04-04,10.89,11,10.89,11,1200
2002-04-05,11,11,11,11,0
2002-04-08,11,11,11,11,5500
2002-04-09,11,11.05,11,11.05,1300
2002-04-10,10.85,10.99,10.6,10.67,1600
2002-04-11,10.68,11.05,10.68,10.8,3300
2002-04-12,10.85,11.05,10.85,11.05,500
2002-04-15,10.7,10.7,10.7,10.7,100
2002-04-16,10.93,10.93,10.93,10.93,800
2002-04-17,10.95,10.95,10.25,10.93,9700
2002-04-18,10.93,11.38,10.93,11,7400
2002-04-19,11.25,12,11.25,12,5300
2002-04-22,11.99,12.1,11.5,11.92,9900
2002-04-23,11.92,12.3,11.92,12.3,11900
2002-04-24,12.3,12.6,12.3,12.5,3600
2002-04-25,12.49,12.49,12.3,12.43,2100
2002-04-26,12.16,12.16,12.05,12.05,200
2002-04-29,12.1,12.45,12.1,12.25,2100
2002-04-30,12.45,12.45,12.18,12.44,1400
2002-05-01,12.79,12.8,12.25,12.25,2100
2002-05-02,12.8,12.99,12.5,12.5,2900
2002-05-03,12.26,12.26,12.26,12.26,500
2002-05-06,12.5,12.6,12.5,12.6,4900
2002-05-07,12.5,12.52,12.25,12.26,3100
2002-05-08,12.26,12.52,12.26,12.52,1500
2002-05-09,12.3,12.3,12.25,12.25,1200
2002-05-10,12.5,12.5,12.45,12.45,900
2002-05-13,12.54,12.55,12.11,12.15,2700
2002-05-14,12.15,12.3,12.15,12.3,700
2002-05-15,12.55,12.55,11.91,11.91,4200
2002-05-16,11.91,12.54,11.91,12.54,1100
2002-05-17,11.91,12.5,11.91,12.49,1200
2002-05-20,12.25,12.25,11,11,8400
2002-05-21,11.1,11.15,11,11,1400
2002-05-22,11,11,11,11,400
2002-05-23,11.01,11.01,11,11,600
2002-05-24,11.1,11.3,11.1,11.3,3000
2002-05-28,11.3,11.3,11.3,11.3,0
2002-05-29,11.3,11.3,11.3,11.3,0
2002-05-30,10.34,11.32,10.34,10.9,4300
2002-05-31,11,11.34,11,11.34,5200
2002-06-03,11.35,11.35,11.35,11.35,500
2002-06-04,11.1,11.1,11.1,11.1,1500
2002-06-05,11.09,11.09,11.09,11.09,100
2002-06-06,11.01,11.01,10.4,10.4,2200
2002-06-07,10.35,10.35,10.35,10.35,300
2002-06-10,10.59,10.59,10.3,10.3,400
2002-06-11,10.15,10.15,9.9,9.9,1800
2002-06-12,10.38,10.38,10.38,10.38,200
2002-06-13,10.38,10.38,10.38,10.38,0
2002-06-14,9.85,9.89,9.85,9.89,1000
2002-06-17,9.9,9.9,9.9,9.9,500
2002-06-18,9.85,9.85,9.85,9.85,100
2002-06-19,10,10,9.65,9.7,1800
2002-06-20,9.7,9.7,9.7,9.7,0
2002-06-21,9.7,9.7,9.7,9.7,0
2002-06-24,9.53,9.53,9.53,9.53,600
2002-06-25,9.55,9.65,9.55,9.59,6700
2002-06-26,9.59,9.59,9.59,9.59,0
2002-06-27,9.6,9.78,9.6,9.65,6700
2002-06-28,9.77,9.98,9.61,9.98,900
2002-07-01,9.87,9.87,9.87,9.87,200
2002-07-02,9.87,9.88,9.87,9.88,700
2002-07-03,9.89,9.89,9.89,9.89,1000
2002-07-05,9.71,9.71,9.71,9.71,1000
2002-07-08,9.97,9.97,9.83,9.83,600
2002-07-09,9.97,10,9.85,10,9800
2002-07-10,10,10.45,9.91,10.15,7200
2002-07-11,10.45,10.62,10.45,10.62,1700
2002-07-12,10.62,10.97,10.17,10.17,7000
2002-07-15,10.7,10.74,10.5,10.5,2300
2002-07-16,10.6,10.75,10.16,10.16,3900
2002-07-17,10.52,10.75,10.52,10.74,5800
2002-07-18,10.3,10.75,10.3,10.74,3800
2002-07-19,10.32,10.32,10.32,10.32,100
2002-07-22,10.29,10.41,10.29,10.4,3400
2002-07-23,10.3,10.5,10.3,10.4,3600
2002-07-24,10.37,10.74,10.36,10.74,2000
2002-07-25,10.74,10.74,10.74,10.74,0
2002-07-26,10.75,10.75,10.61,10.72,3600
2002-07-29,10.75,11.01,10.65,10.9,37400
2002-07-30,10.65,10.8,10.2,10.8,9000
2002-07-31,10.85,11.25,10.85,11.04,11500
2002-08-01,11,11,10.8,10.98,9600
2002-08-02,10.84,10.84,10.76,10.76,14900
2002-08-05,10.75,11.05,10.75,10.8,8100
2002-08-06,10.8,11,10.75,10.75,7800
2002-08-07,10.73,11.05,10.5,11.05,12000
2002-08-08,10.67,11.05,10.67,10.99,8600
2002-08-09,10.85,10.9,10.79,10.9,11000
2002-08-12,10.93,10.94,10.83,10.85,2000
2002-08-13,10.82,10.9,10.82,10.9,700
2002-08-14,10.9,11,10.8,10.8,11100
2002-08-15,10.85,11.24,10.81,11,17000
2002-08-16,11.04,11.05,10.8,10.8,9100
2002-08-19,10.9,10.9,10.84,10.9,8500
2002-08-20,10.9,11.12,10.9,11.12,6600
2002-08-21,11,11.01,11,11.01,3200
2002-08-22,11.05,11.05,10.6,10.6,2800
2002-08-23,10.75,10.96,10.7,10.7,4400
2002-08-26,10.75,10.99,10.5,10.5,2800
2002-08-27,10.5,10.85,10.5,10.84,6600
2002-08-28,10.85,10.86,10.85,10.85,10300
2002-08-29,10.85,11,10.75,11,23500
2002-08-30,10.9,11.25,10.7,11.25,10100
2002-09-03,10.85,10.9,10.85,10.9,3000
2002-09-04,10.85,11,10.85,11,5900
2002-09-05,10.85,10.96,10.85,10.96,5700
2002-09-06,10.9,10.9,10.81,10.81,2500
2002-09-09,10.8,10.86,10.8,10.86,3700
2002-09-10,10.85,11,10.85,10.86,4400
2002-09-11,10.86,10.86,10.86,10.86,0
2002-09-12,10.85,10.9,10.75,10.85,10700
2002-09-13,10.85,10.9,10.8,10.85,9200
2002-09-16,10.9,10.9,10.85,10.85,1500
2002-09-17,10.84,10.85,10.84,10.84,4100
2002-09-18,10.8,10.84,10.61,10.61,1300
2002-09-19,10.61,10.61,10.61,10.61,0
2002-09-20,10.84,10.85,10.83,10.85,4500
2002-09-23,10.6,10.8,10.5,10.8,10900
2002-09-24,10.8,10.8,10.8,10.8,1000
2002-09-25,10.8,10.8,10.8,10.8,0
2002-09-26,10.8,10.8,10.8,10.8,1900
2002-09-27,10.8,10.9,10.8,10.9,2000
2002-09-30,10.85,10.85,10.8,10.8,1800
2002-10-01,10.79,10.79,10.65,10.65,2200
2002-10-02,10.65,10.65,10.65,10.65,0
2002-10-03,10.65,10.65,10.65,10.65,0
2002-10-04,10.71,10.71,10.7,10.7,800
2002-10-07,10.71,10.71,10.4,10.4,2200
2002-10-08,10.26,10.59,10.13,10.59,7100
2002-10-09,10.2,10.25,10.12,10.25,5400
2002-10-10,10.12,10.12,10.12,10.12,300
2002-10-11,10.11,10.11,9.5,9.5,8400
2002-10-14,9.51,9.6,8.66,9.3,7600
2002-10-15,9.31,9.48,9.3,9.48,5200
2002-10-16,9.48,9.48,9.48,9.48,100
2002-10-17,9.6,10.11,9.6,9.8,2200
2002-10-18,9.55,10.12,9.55,10.12,1600
2002-10-21,10.12,10.62,10.02,10.62,8300
2002-10-22,10.01,10.26,10.01,10.25,1700
2002-10-23,10.25,10.25,10.15,10.15,17500
2002-10-24,10.15,10.15,10.15,10.15,0
2002-10-25,10.15,10.15,10.15,10.15,1200
2002-10-28,10.09,10.1,10.02,10.02,500
2002-10-29,9.95,9.95,9.95,9.95,200
2002-10-30,9.95,9.95,9.5,9.75,1200
2002-10-31,9.81,10.01,9.81,10.01,1200
2002-11-01,9.8,9.8,9.8,9.8,200
2002-11-04,10.06,10.19,10.06,10.19,1200
2002-11-05,10.19,10.19,10.19,10.19,0
2002-11-06,10.14,10.14,10,10,4400
2002-11-07,10,10,10,10,0
2002-11-08,10.14,10.14,10.14,10.14,100
2002-11-11,10.14,10.14,10,10.01,3200
2002-11-12,10.01,10.01,10.01,10.01,0
2002-11-13,10.04,10.04,9.82,9.89,1700
2002-11-14,9.89,9.89,9.89,9.89,0
2002-11-15,9.89,9.9,9.89,9.9,700
2002-11-18,9.84,10.15,9.83,10.15,11500
2002-11-19,10.15,10.15,9.98,9.99,15200
2002-11-20,10,10.15,10,10.15,4400
2002-11-21,9.9,9.9,9.9,9.9,300
2002-11-22,10.04,10.27,10.04,10.15,22700
2002-11-25,10.19,10.22,9.97,9.97,37000
2002-11-26,9.86,9.86,9.75,9.75,6800
2002-11-27,9.73,9.75,9.55,9.7,6600
2002-11-29,9.7,9.71,9.7,9.71,200
2002-12-02,9.71,9.71,9.71,9.71,0
2002-12-03,9.8,10,9.8,10,8800
2002-12-04,10.08,10.14,10.07,10.14,8100
2002-12-05,10.14,10.15,10.14,10.15,24300
2002-12-06,10.15,10.15,10.08,10.08,5300
2002-12-09,10.02,10.1,10.02,10.1,4900
2002-12-10,10.15,10.15,10.15,10.15,5400
2002-12-11,10.15,10.25,10.15,10.15,26800
2002-12-12,10.15,10.15,10.08,10.15,6600
2002-12-13,10.1,10.17,10.09,10.15,7100
2002-12-16,10.15,10.15,10.15,10.15,13700
2002-12-17,10.18,11,10.15,10.65,76000
2002-12-18,10.78,11.15,10.78,11.05,8000
2002-12-19,10.06,11.06,10.06,10.35,3000
2002-12-20,10.61,10.61,10.25,10.26,1100
2002-12-23,10.24,10.5,9.61,10.19,8900
2002-12-24,10.25,10.34,10.13,10.27,1100
2002-12-26,10.27,10.27,10.27,10.27,0
2002-12-27,10.4,10.4,10.35,10.35,400
2002-12-30,10.22,10.22,9.99,10.06,2800
2002-12-31,10.1,10.1,10.1,10.1,100
2003-01-02,10.03,10.03,9.87,10,5400
2003-01-03,10.21,10.93,10.16,10.74,3400
2003-01-06,10.55,10.74,10.55,10.66,500
2003-01-07,10.49,10.5,10.37,10.48,1400
2003-01-08,10.89,10.89,10.5,10.5,4300
2003-01-09,10.08,10.3,10.08,10.3,1400
2003-01-10,10.53,10.53,10.44,10.49,700
2003-01-13,11,11.25,10.57,11.11,6200
2003-01-14,10.86,10.99,10.75,10.99,1400
2003-01-15,10.99,11.2,10.99,11.2,300
2003-01-16,11.05,11.2,11.05,11.15,1100
2003-01-17,11.15,11.15,11.04,11.15,1000
2003-01-21,10.8,11.08,10.8,11.06,3000
2003-01-22,10.81,11.08,10.81,11.08,1600
2003-01-23,11.08,11.08,11.08,11.08,500
2003-01-24,11.06,11.08,11.06,11.08,1000
2003-01-27,11.09,11.75,11.09,11.75,4600
2003-01-28,11.51,11.69,11.5,11.69,3300
2003-01-29,11.7,11.9,11.69,11.9,4200
2003-01-30,11.83,11.83,11.65,11.65,1100
2003-01-31,11.65,11.65,11.65,11.65,0
2003-02-03,11.53,11.69,11.53,11.69,2100
2003-02-04,11.79,12.05,11.79,12.05,4400
2003-02-05,12,12.14,12,12.12,1500
2003-02-06,12.1,12.2,12.1,12.2,6200
2003-02-07,12.23,12.87,12.23,12.65,16200
2003-02-10,12.69,12.78,12.52,12.65,9900
2003-02-11,12.7,12.7,12.5,12.65,11000
2003-02-12,12.65,12.7,12.55,12.69,8200
2003-02-13,12.7,12.7,12.59,12.64,10900
2003-02-14,12.7,12.79,12.6,12.7,22300
2003-02-18,12.7,13.05,12.7,13,11900
2003-02-19,13.05,13.05,12.85,13.05,12500
2003-02-20,13.05,13.05,13.02,13.02,4100
2003-02-21,12.97,13.09,12.85,13.06,65400
2003-02-24,13.04,13.05,13.03,13.05,3500
2003-02-25,13,13.05,12.99,13.05,13300
2003-02-26,13.05,13.05,13.05,13.05,1100
2003-02-27,13.05,13.05,13.04,13.05,4200
2003-02-28,13.05,13.9,13.01,13.9,29000
2003-03-03,13.86,14,13.85,13.88,7900
2003-03-04,13.99,13.99,13.76,13.98,8300
2003-03-05,13.97,13.99,13.96,13.98,1600
2003-03-06,13.91,14.47,13.88,14.47,12700
2003-03-07,14.41,14.75,14.41,14.71,24200
2003-03-10,14.9,14.95,14.51,14.85,17100
2003-03-11,14.21,14.94,14.2,14.6,15300
2003-03-12,14.39,14.78,14.23,14.68,7300
2003-03-13,14.51,14.78,14.41,14.78,4700
2003-03-14,14.8,14.85,14.6,14.75,4100
2003-03-17,14.88,14.88,14.08,14.18,5000
2003-03-18,14.05,14.11,12.1,12.3,13400
2003-03-19,12.25,13.5,11.65,12.9,18900
2003-03-20,12.91,12.91,12.62,12.7,4900
2003-03-21,12.7,12.7,12.7,12.7,0
2003-03-24,12.8,13.49,12.8,13.41,8400
2003-03-25,13.5,13.5,13.2,13.2,6800
2003-03-26,13.2,13.2,13.16,13.2,10700
2003-03-27,13.2,13.35,13.01,13.2,10900
2003-03-28,13.2,13.35,12.92,13.05,8300
2003-03-31,13.05,13.5,12.9,13.47,5500
2003-04-01,13.5,14,13.11,13.98,3500
2003-04-02,14,14.05,13.9,14.05,8600
2003-04-03,14.25,14.5,14.12,14.12,8200
2003-04-04,14,14.37,13.75,14.37,3400
2003-04-07,14.5,14.5,14,14,1500
2003-04-08,13.76,14.3,13.32,14.12,2100
2003-04-09,14.1,14.49,13.78,14.35,2000
2003-04-10,13.82,14.45,13.82,14.45,6300
2003-04-11,14.02,14.44,13.75,13.85,13300
2003-04-14,13.96,13.96,13.86,13.92,600
2003-04-15,14,14,13.55,13.55,3900
2003-04-16,13.5,13.68,13.5,13.68,500
2003-04-17,13.7,14,13.62,14,10600
2003-04-21,13.99,14.15,13.99,14.1,4200
2003-04-22,14.15,14.2,14.11,14.11,2800
2003-04-23,14.16,14.16,14.05,14.1,7700
2003-04-24,14.09,14.22,14.09,14.15,5300
2003-04-25,14.1,14.3,14,14,2300
2003-04-28,14.18,14.21,14.05,14.05,1900
2003-04-29,14,14,13.45,13.55,5100
2003-04-30,14.12,14.47,13.62,14.21,8900
2003-05-01,14.01,14.42,13.95,14.42,5600
2003-05-02,14.22,14.4,14.1,14.31,3200
2003-05-05,14.12,14.45,13.88,14.45,3400
2003-05-06,14.45,14.5,14.23,14.23,6800
2003-05-07,14.43,14.75,14.43,14.74,9200
2003-05-08,14.74,15.95,14.74,15.8,26800
2003-05-09,15.8,19.360001,15.75,19,42100
2003-05-12,19.15,19.25,16.52,16.790001,34100
2003-05-13,16.74,17.17,16.280001,16.6,9000
2003-05-14,17.190001,17.190001,16.43,16.82,10800
2003-05-15,17.219999,17.379999,16.16,16.379999,3400
2003-05-16,16.200001,16.690001,16.200001,16.41,4800
2003-05-19,16.42,16.42,16.01,16.25,2600
2003-05-20,16.030001,16.030001,14.44,14.69,10100
2003-05-21,14.81,15.84,14.81,15.76,3300
2003-05-22,15.79,15.9,15.35,15.35,6700
2003-05-23,15.21,15.62,14.94,15.18,7600
2003-05-27,15,16.5,14.98,16,30400
2003-05-28,15.22,15.88,15.22,15.66,5100
2003-05-29,15.7,15.84,15.2,15.3,5500
2003-05-30,15.25,15.7,15.25,15.49,5800
2003-06-02,15.34,15.68,15.25,15.3,17200
2003-06-03,17.15,17.450001,15.95,17,44400
2003-06-04,16.83,16.83,16,16,4000
2003-06-05,16,16.620001,15.9,16.620001,5200
2003-06-06,16.5,16.65,16.110001,16.65,6300
2003-06-09,16.110001,16.77,16.110001,16.6,3500
2003-06-10,16.74,16.74,16.309999,16.66,6600
2003-06-11,16.450001,16.75,16.309999,16.75,9500
2003-06-12,16.68,16.75,16.120001,16.120001,6400
2003-06-13,16.299999,16.99,15.85,16.959999,23300
2003-06-16,16.469999,16.65,15.95,16.530001,11900
2003-06-17,16.209999,16.67,16.200001,16.4,8400
2003-06-18,16.450001,16.450001,15.89,16.200001,12700
2003-06-19,16.360001,16.360001,15.86,16.16,5200
2003-06-20,16.16,16.459999,15.85,15.99,11200
2003-06-23,15.86,16.5,15.86,16.49,26500
2003-06-24,16.48,16.5,15.99,16.209999,19700
2003-06-25,16.49,16.5,16.120001,16.459999,8400
2003-06-26,16.49,16.5,16.1,16.1,16700
2003-06-27,15.91,16.18,14.7,15.05,25400
2003-06-30,15.14,15.99,14,14.19,132200
2003-07-01,14.19,14.21,12.86,13.91,50400
2003-07-02,13.89,15.12,13.7,14.45,44000
2003-07-03,13.77,14.59,13.76,14.59,5400
2003-07-07,14.98,14.98,13.76,14.28,12100
2003-07-08,14.39,14.44,14.1,14.36,8600
2003-07-09,14.45,14.45,13.85,13.91,11900
2003-07-10,13.7,13.89,13.66,13.66,4800
2003-07-11,13.59,13.9,13.52,13.67,9500
2003-07-14,13.89,14.45,13.85,14.45,15700
2003-07-15,14.31,15.08,14.31,15.08,14200
2003-07-16,15.08,15.1,15.07,15.1,6000
2003-07-17,14.65,15.1,14.65,14.99,13800
2003-07-18,14.98,14.98,14.65,14.95,2900
2003-07-21,14.66,14.89,14.1,14.35,8800
2003-07-22,14.5,14.85,14.24,14.85,10100
2003-07-23,14.91,14.99,14.49,14.7,7700
2003-07-24,14.53,14.96,14.5,14.75,10100
2003-07-25,14.87,15.01,14.87,15,22700
2003-07-28,14.77,15.75,14.77,15.58,17500
2003-07-29,15.5,15.78,15.42,15.67,12800
2003-07-30,15.8,15.85,15.63,15.63,3200
2003-07-31,15.75,15.85,15.66,15.8,2200
2003-08-01,15.66,15.8,15.61,15.61,4600
2003-08-04,15.84,15.84,15.61,15.69,3300
2003-08-05,15.62,15.77,15.01,15.75,27100
2003-08-06,15.17,15.27,15.13,15.15,3100
2003-08-07,15.31,15.55,14.55,15.33,9300
2003-08-08,15.55,15.85,15.35,15.52,6800
2003-08-11,15.68,15.73,15.68,15.73,800
2003-08-12,15.75,15.75,15.52,15.61,4300
2003-08-13,15.55,15.65,15.55,15.61,2500
2003-08-14,15.52,15.63,15.52,15.56,2700
2003-08-15,15.56,15.71,15.56,15.6,2200
2003-08-18,15.65,15.69,15.59,15.59,8600
2003-08-19,15.6,15.69,15.4,15.6,8700
2003-08-20,15.57,15.6,15.5,15.5,1000
2003-08-21,15.5,15.6,15.47,15.47,1300
2003-08-22,15.41,15.69,15.4,15.4,11700
2003-08-25,15.26,15.41,15.26,15.26,900
2003-08-26,15.35,15.59,15.15,15.59,19300
2003-08-27,15.59,15.59,15.58,15.59,1100
2003-08-28,15.26,15.29,15.26,15.29,500
2003-08-29,15.29,15.4,15.29,15.31,1100
2003-09-02,15.32,15.6,15.32,15.5,3300
2003-09-03,15.48,15.55,15.4,15.55,2200
2003-09-04,15.35,15.44,15.24,15.24,21700
2003-09-05,15.03,15.69,14.5,14.6,194800
2003-09-08,14.03,14.46,13.9,14.11,31000
2003-09-09,14.56,14.6,14.01,14.01,1600
2003-09-10,14.15,15.68,13.93,14.71,10700
2003-09-11,15.14,15.17,14.28,14.5,5200
2003-09-12,14.64,14.74,14.35,14.59,2500
2003-09-15,14.74,14.74,14.34,14.34,600
2003-09-16,14.7,15.2,14.35,14.95,5500
2003-09-17,14.59,14.77,14.41,14.7,2400
2003-09-18,14.31,15.12,14.12,14.76,5600
2003-09-19,14.61,14.77,14.51,14.63,4000
2003-09-22,14.26,14.6,14.16,14.41,2600
2003-09-23,14.31,14.93,14.31,14.66,6400
2003-09-24,14.66,15.32,14.3,14.3,9600
2003-09-25,14.51,15.75,14.26,15.4,20200
2003-09-26,15.43,15.7,14.51,15.69,19400
2003-09-29,15.27,15.43,15.1,15.43,1800
2003-09-30,15.25,15.38,14.57,15.26,14300
2003-10-01,15.15,15.65,15.15,15.65,6400
2003-10-02,15.44,15.65,15.16,15.16,5200
2003-10-03,15.2,15.4,14.79,14.79,15500
2003-10-06,14.92,15.02,14.81,14.82,8000
2003-10-07,14.86,15,14.83,15,4500
2003-10-08,14.96,15,14.57,15,2900
2003-10-09,15,15.39,14.79,14.8,7900
2003-10-10,14.78,15.19,14.75,15.08,3000
2003-10-13,15.06,15.39,15.06,15.24,2200
2003-10-14,15.16,15.25,14.75,14.98,4000
2003-10-15,14.78,15.45,14.6,14.6,9700
2003-10-16,14.87,15.19,14.7,14.8,3700
2003-10-17,14.88,15.09,14.7,14.92,2200
2003-10-20,14.98,15,14.75,14.88,2200
2003-10-21,15,15.19,14.85,15,2900
2003-10-22,14.85,14.95,14.72,14.72,4000
2003-10-23,14.68,15.19,14.52,15.03,9300
2003-10-24,15.03,15.03,14.65,14.65,10400
2003-10-27,14.89,15.19,14.75,15.05,20000
2003-10-28,15.25,15.45,15.07,15.44,5700
2003-10-29,15.45,16.139999,15.05,16.139999,15000
2003-10-30,16.25,16.5,15.87,16.200001,23400
2003-10-31,16.17,16.5,16.059999,16.25,21400
2003-11-03,16.25,16.76,16.139999,16.139999,5700
2003-11-04,16.35,16.450001,16.049999,16.139999,28400
2003-11-05,16.280001,16.290001,16.049999,16.190001,3600
2003-11-06,16.190001,16.200001,16,16.200001,2600
2003-11-07,16.309999,17.700001,16.200001,17.700001,51500
2003-11-10,17,17,15.63,15.65,31100
2003-11-11,15.88,16.15,15.7,15.77,6100
2003-11-12,16.09,16.690001,16.07,16.690001,3000
2003-11-13,17,17,16.48,16.48,12800
2003-11-14,16.799999,17,16.549999,16.610001,7600
2003-11-17,16.549999,17,16,16.16,19600
2003-11-18,16.58,16.66,16.58,16.66,5100
2003-11-19,16.620001,16.790001,16.469999,16.790001,12100
2003-11-20,16.65,17,16.65,16.889999,21400
2003-11-21,16.84,16.889999,16.65,16.780001,3000
2003-11-24,16.83,16.950001,16.799999,16.85,6000
2003-11-25,16.75,16.950001,16.75,16.799999,7500
2003-11-26,16.950001,17,16.75,16.940001,28200
2003-11-28,17,17,16.92,17,2300
2003-12-01,16.780001,17,16.780001,17,4100
2003-12-02,16.85,17,16.77,16.870001,5300
2003-12-03,16.799999,17,16.799999,16.950001,26100
2003-12-04,16.950001,16.98,16.82,16.879999,15800
2003-12-05,16.799999,16.99,16.700001,16.77,12300
2003-12-08,16.879999,17,16.65,16.719999,4800
2003-12-09,16.99,17.02,16.67,16.74,7600
2003-12-10,16.950001,16.950001,16.65,16.65,1800
2003-12-11,16.700001,17,16.629999,17,7000
2003-12-12,16.98,17.08,16.65,17,41300
2003-12-15,16.950001,17.200001,16.4,16.4,11900
2003-12-16,16.459999,16.57,16.23,16.23,9800
2003-12-17,16.360001,16.370001,16.27,16.370001,600
2003-12-18,16.360001,16.610001,16.360001,16.48,1800
2003-12-19,16.42,17.15,16.23,16.49,9100
2003-12-22,16.25,16.6,16.24,16.35,9800
2003-12-23,16.389999,16.610001,16.299999,16.41,16900
2003-12-24,16.4,16.440001,16.4,16.41,700
2003-12-26,16.469999,16.469999,16.35,16.360001,7500
2003-12-29,16.6,16.780001,16.379999,16.5,3000
2003-12-30,16.35,16.5,15.6,15.89,13600
2003-12-31,15.94,16.129999,15.67,15.69,12600
2004-01-02,15.95,16.18,15.81,15.9,9200
2004-01-05,16.25,16.549999,16.1,16.1,4000
2004-01-06,15.92,16.49,15.8,15.88,3800
2004-01-07,16.809999,16.809999,15.8,15.89,800
2004-01-08,15.81,16.219999,15.81,15.85,3700
2004-01-09,16.17,16.17,15.8,15.81,400
2004-01-12,16.59,16.65,15.82,16.459999,7300
2004-01-13,16.309999,16.309999,15.8,15.81,2600
2004-01-14,16.040001,16.5,16,16.450001,13500
2004-01-15,16.25,16.6,16.1,16.6,14700
2004-01-16,16.690001,17,16.690001,16.870001,4300
2004-01-20,17,17,16.9,17,5800
2004-01-21,16.77,17,16.76,17,3100
2004-01-22,16.76,17.1,16.65,16.700001,14600
2004-01-23,16.700001,17.02,16.6,16.85,3000
2004-01-26,16.610001,16.879999,16.6,16.83,4200
2004-01-27,16.85,16.9,16.620001,16.67,32800
2004-01-28,16.629999,16.629999,16.25,16.25,9000
2004-01-29,16.16,16.389999,15.91,15.97,4900
2004-01-30,16.02,16.030001,15.74,15.74,1300
2004-02-02,15.71,16.25,15.63,16.129999,7700
2004-02-03,15.81,16.17,15.8,15.9,4000
2004-02-04,16.08,16.08,15.75,15.75,8900
2004-02-05,15.96,16.17,15.75,15.75,2700
2004-02-06,15.75,15.98,15.75,15.98,2000
2004-02-09,15.75,16.309999,15.75,16.15,1100
2004-02-10,16.41,16.5,16.200001,16.41,7200
2004-02-11,16.389999,16.41,16.389999,16.41,600
2004-02-12,16.33,16.450001,16.299999,16.35,3300
2004-02-13,16.4,16.440001,16.030001,16.15,8600
2004-02-17,16.139999,16.26,16.139999,16.16,16800
2004-02-18,16.18,16.190001,16.09,16.09,400
2004-02-19,16,16.41,16,16.25,10600
2004-02-20,16.32,16.48,16.02,16.200001,2800
2004-02-23,16.200001,16.209999,16.1,16.110001,2500
2004-02-24,16.209999,16.299999,16.1,16.299999,3500
2004-02-25,16.32,16.58,16,16.219999,10200
2004-02-26,16,16.6,16,16.370001,23300
2004-02-27,16.09,16.73,16.09,16.26,3400
2004-03-01,16.209999,16.26,16.209999,16.209999,2000
2004-03-02,16.209999,16.209999,16.040001,16.040001,2000
2004-03-03,16,16.139999,15.84,15.89,2600
2004-03-04,15.9,16.02,15.82,16,1200
2004-03-05,15.87,16.450001,15.81,15.89,9700
2004-03-08,16.32,16.32,15.81,15.81,1700
2004-03-09,15.85,16.139999,15.81,15.83,4500
2004-03-10,16.059999,16.059999,15.8,15.8,4700
2004-03-11,15.71,16.110001,15.55,15.55,8700
2004-03-12,15.55,15.88,15.55,15.63,10400
2004-03-15,15.77,16.09,15.55,15.86,8000
2004-03-16,15.75,15.75,15.5,15.55,7800
2004-03-17,15.59,15.59,15.37,15.4,9300
2004-03-18,15.5,15.5,15.33,15.35,4300
2004-03-19,15.41,15.41,15.12,15.12,3500
2004-03-22,15.06,15.06,14.88,14.95,12400
2004-03-23,15,15.13,14.95,15.02,900
2004-03-24,15.01,15.16,15,15,2400
2004-03-25,14.95,15.2,14.95,15.2,3300
2004-03-26,15.17,15.23,15.14,15.23,800
2004-03-29,15.17,15.25,15.1,15.12,3700
2004-03-30,15.25,15.54,15.1,15.38,19700
2004-03-31,15.1,15.57,15.1,15.15,1000
2004-04-01,15.08,15.44,15.08,15.42,1800
2004-04-02,15.52,16.200001,15.52,15.65,2700
2004-04-05,15.7,15.75,15.54,15.54,4000
2004-04-06,15.43,15.71,15.18,15.18,5700
2004-04-07,15.21,15.39,15.2,15.24,8100
2004-04-08,15.28,15.38,15.23,15.38,2100
2004-04-12,15.29,15.33,15.29,15.33,1000
2004-04-13,15.39,15.4,15.15,15.29,15400
2004-04-14,15.32,15.32,15.2,15.24,7400
2004-04-15,15.36,15.36,15.2,15.25,2900
2004-04-16,15.16,15.35,15.15,15.35,1600
2004-04-19,15.16,15.36,15.16,15.36,3800
2004-04-20,15.38,15.49,15.22,15.4,7900
2004-04-21,15.25,15.53,15.25,15.51,22400
2004-04-22,15.65,16,15.65,15.69,9700
2004-04-23,15.86,16,15.5,15.78,15200
2004-04-26,16.07,16.07,15.69,15.69,5600
2004-04-27,15.84,15.84,15.58,15.59,4600
2004-04-28,15.6,15.67,15.26,15.34,5000
2004-04-29,15.72,15.8,15.56,15.79,6900
2004-04-30,15.71,15.78,15.56,15.6,7600
2004-05-03,15.77,15.8,15.59,15.68,15000
2004-05-04,15.8,15.85,15.67,15.77,1800
2004-05-05,15.73,15.95,15.73,15.75,2300
2004-05-06,15.76,15.8,15.43,15.67,17500
2004-05-07,15.74,15.97,15.3,15.3,8500
2004-05-10,15.3,15.43,14.96,14.96,21600
2004-05-11,15.03,15.19,14.8,14.8,15300
2004-05-12,14.9,15.5,14.75,14.96,22700
2004-05-13,15.15,15.15,14.75,14.76,17500
2004-05-14,14.99,14.99,14.73,14.75,5300
2004-05-17,14.78,14.92,14.64,14.86,6600
2004-05-18,14.71,15,14.66,15,4800
2004-05-19,15.01,15.01,14.64,14.65,16000
2004-05-20,14.85,14.85,14.64,14.65,3700
2004-05-21,14.95,14.95,14.64,14.65,5900
2004-05-24,14.74,15.32,14.74,15.05,8400
2004-05-25,15.05,15.22,15.05,15.14,3100
2004-05-26,15.06,15.25,15.06,15.13,8400
2004-05-27,15.05,15.28,15.02,15.28,6500
2004-05-28,15.13,15.26,15.02,15.2,8200
2004-06-01,15.19,15.19,14.83,15.17,8600
2004-06-02,15.41,15.71,15.25,15.61,31400
2004-06-03,15.71,15.72,15.29,15.29,2500
2004-06-04,15.26,15.55,15.26,15.44,3800
2004-06-07,15.63,16,15.63,16,9700
2004-06-08,16,16.08,16,16,4700
2004-06-09,16.120001,16.120001,15.79,15.79,2800
2004-06-10,15.96,16,15.75,15.99,18600
2004-06-14,15.76,15.76,15.5,15.56,8300
2004-06-15,15.57,15.94,15.57,15.8,6600
2004-06-16,15.95,16,15.45,15.57,41100
2004-06-17,15.56,15.7,15.16,15.25,34900
2004-06-18,15.44,15.45,15.25,15.31,36100
2004-06-21,15.4,15.7,15.25,15.7,6300
2004-06-22,15.6,15.7,15.6,15.6,4700
2004-06-23,15.6,15.78,15.51,15.6,23600
2004-06-24,15.97,15.97,15.6,15.61,7600
2004-06-25,15.79,17.200001,15.3,15.74,242200
2004-06-28,15.74,15.82,15.6,15.71,5600
2004-06-29,15.61,15.85,15.61,15.8,6600
2004-06-30,15.85,15.88,15.67,15.85,3400
2004-07-01,15.68,15.85,15.65,15.78,2300
2004-07-02,15.83,15.86,15.6,15.77,5300
2004-07-06,15.68,15.79,15.68,15.76,1500
2004-07-07,15.88,15.88,15.85,15.85,2000
2004-07-08,15.75,15.92,15.75,15.87,2400
2004-07-09,15.92,15.95,15.89,15.89,3500
2004-07-12,15.91,15.91,15.86,15.91,2600
2004-07-13,15.96,15.97,15.85,15.94,3500
2004-07-14,15.92,15.98,15.85,15.98,3300
2004-07-15,16,16,15.86,15.89,3800
2004-07-16,15.89,16.290001,15.89,16.27,15800
2004-07-19,16.26,16.280001,16.25,16.280001,7600
2004-07-20,16.129999,16.4,16.120001,16.389999,6400
2004-07-21,16.26,16.4,16.25,16.32,9400
2004-07-22,16.200001,16.309999,16.200001,16.309999,20900
2004-07-23,16.209999,16.23,16.200001,16.209999,4200
2004-07-26,16.379999,16.379999,16.200001,16.309999,9000
2004-07-27,16.379999,16.379999,16.200001,16.370001,11600
2004-07-28,16.389999,16.59,16.35,16.549999,11000
2004-07-29,16.690001,16.74,16.469999,16.74,6200
2004-07-30,16.959999,16.959999,16.700001,16.75,5200
2004-08-02,16.629999,16.629999,16.559999,16.559999,7600
2004-08-03,16.74,16.75,16.530001,16.559999,2200
2004-08-04,16.5,16.719999,16.5,16.68,3400
2004-08-05,16.860001,16.860001,16.719999,16.75,2500
2004-08-06,16.74,16.74,16.6,16.639999,8600
2004-08-09,16.65,16.65,16.629999,16.629999,500
2004-08-10,16.5,16.84,16.5,16.74,18200
2004-08-11,16.690001,16.84,16.540001,16.700001,10000
2004-08-12,16.67,16.73,16.66,16.66,3600
2004-08-13,16.610001,16.870001,16.6,16.700001,8000
2004-08-16,16.809999,16.809999,16.610001,16.610001,12800
2004-08-17,16.74,16.74,16.67,16.67,2900
2004-08-18,16.700001,16.700001,16.67,16.67,1700
2004-08-19,16.700001,16.77,16.700001,16.77,3800
2004-08-20,16.77,16.940001,16.77,16.91,800
2004-08-23,16.940001,16.950001,16.9,16.940001,5200
2004-08-24,16.889999,16.9,16.6,16.709999,4200
2004-08-25,16.75,16.889999,16.68,16.879999,12200
2004-08-26,16.889999,16.889999,16.690001,16.83,7700
2004-08-27,16.74,16.950001,16.709999,16.709999,3300
2004-08-30,16.700001,16.790001,16.65,16.65,2500
2004-08-31,16.74,16.82,16.65,16.66,4100
2004-09-01,16.77,16.84,16.719999,16.719999,6400
2004-09-02,16.709999,16.870001,16.65,16.65,14900
2004-09-03,16.67,16.67,16.6,16.66,1600
2004-09-07,16.73,16.860001,16.6,16.790001,3800
2004-09-08,16.700001,16.700001,16.700001,16.700001,100
2004-09-09,16.719999,16.719999,16.719999,16.719999,200
2004-09-10,16.719999,16.75,16.719999,16.73,1100
2004-09-13,16.719999,16.74,16.700001,16.73,3300
2004-09-14,16.700001,16.700001,16.700001,16.700001,100
2004-09-15,16.700001,16.700001,16.700001,16.700001,100
2004-09-16,16.780001,16.799999,16.780001,16.780001,800
2004-09-17,16.799999,16.870001,16.799999,16.870001,1500
2004-09-20,16.799999,16.809999,16.799999,16.809999,2400
2004-09-21,16.809999,16.809999,16.75,16.75,42900
2004-09-22,16.700001,16.700001,16.700001,16.700001,400
2004-09-23,16.700001,16.700001,16.700001,16.700001,1500
2004-09-24,16.700001,16.700001,16.700001,16.700001,200
2004-09-27,16.610001,16.719999,16.51,16.530001,10800
2004-09-28,16.57,16.639999,16.27,16.33,8500
2004-09-29,16.299999,16.370001,16.299999,16.32,800
2004-09-30,16.34,16.6,16.09,16.09,25200
2004-10-01,16.02,16.4,16.02,16.299999,38900
2004-10-04,16.24,16.450001,16.24,16.35,37900
2004-10-05,16.42,16.690001,16.41,16.610001,4800
2004-10-06,16.67,16.67,16.5,16.5,1900
2004-10-07,16.469999,16.59,16.469999,16.5,2500
2004-10-08,16.51,16.52,16.48,16.52,4000
2004-10-11,16.389999,17,16.389999,17,16200
2004-10-12,17,17.17,16.9,17,33300
2004-10-13,17,17.25,16.700001,17.25,18300
2004-10-14,17.25,17.25,16.9,17.049999,4900
2004-10-15,17.120001,17.120001,16.84,17.059999,6300
2004-10-18,16.85,17.07,16.799999,17.07,4200
2004-10-19,17.120001,17.15,16.93,17.139999,5000
2004-10-20,17.01,17.27,17.01,17.219999,6000
2004-10-21,17.219999,17.700001,17.219999,17.700001,6600
2004-10-22,17.75,17.9,17.700001,17.780001,4700
2004-10-25,17.879999,17.9,17.49,17.49,10200
2004-10-26,17.5,18.85,17.5,18.360001,66500
2004-10-27,18.43,18.67,18.32,18.41,38300
2004-10-28,18.67,18.67,18.25,18.25,27000
2004-10-29,18.309999,18.309999,18.17,18.25,8400
2004-11-01,18.219999,18.25,18.08,18.16,8600
2004-11-02,18.35,18.42,18.27,18.360001,10300
2004-11-03,18.370001,18.4,18.32,18.370001,13300
2004-11-04,18.450001,18.469999,18.4,18.4,2400
2004-11-05,18.5,19.02,18.5,18.9,13800
2004-11-08,18.85,19.59,18.85,19.299999,12900
2004-11-09,19.59,19.74,18.75,19.09,25900
2004-11-10,19.75,19.75,19.09,19.549999,17500
2004-11-11,19.59,19.629999,19.51,19.6,2600
2004-11-12,19.75,19.940001,19.26,19.540001,24700
2004-11-15,19.950001,19.950001,19.370001,19.450001,7600
2004-11-16,19.52,19.52,19.370001,19.51,7700
2004-11-17,20,20,19.5,19.629999,3400
2004-11-18,19.709999,19.84,19.700001,19.84,2600
2004-11-19,20,20,19.9,19.969999,8100
2004-11-22,19.98,20.200001,19.85,20.200001,4500
2004-11-23,20.5,20.5,19.9,20,22400
2004-11-24,20,20.440001,20,20.290001,14300
2004-11-26,20.48,20.75,20.059999,20.059999,13500
2004-11-29,20.1,20.889999,20.1,20.639999,29200
2004-11-30,20.76,21,20.700001,21,15000
2004-12-01,21,21.139999,20.879999,20.99,6900
2004-12-02,21,21.75,21,21.75,30300
2004-12-03,21.709999,22.27,21.700001,22.030001,12700
2004-12-06,22.040001,22.110001,21.059999,21.1,6000
2004-12-07,21.52,22.07,21.52,21.91,24100
2004-12-08,21.9,21.9,21,21.110001,6000
2004-12-09,21.049999,21.4,21,21,17100
2004-12-10,21.549999,21.549999,21.26,21.299999,700
2004-12-13,21.01,21.469999,21,21.27,9300
2004-12-14,21.299999,21.5,21.200001,21.32,12000
2004-12-15,21.48,21.75,21.280001,21.75,6600
2004-12-16,21.75,21.98,21.700001,21.709999,4600
2004-12-17,21.879999,21.92,21.75,21.799999,2900
2004-12-20,21.959999,22,21.790001,21.98,4400
2004-12-21,21.690001,22.01,21.120001,21.870001,15000
2004-12-22,21.799999,22.059999,21.790001,22.059999,2100
2004-12-23,21.790001,21.99,21.6,21.889999,6700
2004-12-27,22.110001,22.110001,21.51,22,16900
2004-12-28,21.559999,22.1,21.559999,21.98,11300
2004-12-29,21.889999,22.200001,21.870001,22.200001,1200
2004-12-30,22.25,23.24,22.190001,22.870001,15900
2004-12-31,23.129999,23.5,22.73,22.860001,8900
2005-01-03,22.52,23.01,22.52,22.91,5000
2005-01-04,22.959999,22.99,22.6,22.99,6200
2005-01-05,22.85,22.879999,22.4,22.42,2400
2005-01-06,22.450001,22.450001,22.01,22.4,14700
2005-01-07,22.139999,22.51,22.049999,22.15,11700
2005-01-10,22.049999,22.4,22.049999,22.290001,8500
2005-01-11,22.049999,22.4,22.049999,22.33,6400
2005-01-12,22.09,22.4,22.09,22.16,3700
2005-01-13,22.17,22.35,22.16,22.16,7800
2005-01-14,22.049999,22.5,22.049999,22.299999,3100
2005-01-18,22.32,22.35,22.1,22.35,2700
2005-01-19,22.43,22.6,22.43,22.6,2200
2005-01-20,22.6,22.6,22.370001,22.540001,900
2005-01-21,22.58,22.59,22.25,22.35,5800
2005-01-24,22.6,22.74,22.35,22.6,5900
2005-01-25,22.75,22.889999,22.559999,22.700001,8900
2005-01-26,22.59,22.75,22.5,22.75,5200
2005-01-27,22.809999,22.83,22.530001,22.57,14800
2005-01-28,22.530001,22.84,22.530001,22.84,7200
2005-01-31,22.51,22.620001,22.049999,22.16,9900
2005-02-01,22.110001,22.5,22.110001,22.469999,2600
2005-02-02,22.49,23.42,22.49,23.42,16600
2005-02-03,23.49,23.5,23.030001,23.049999,14400
2005-02-04,23.15,23.35,22.91,22.93,6800
2005-02-07,22.9,23.48,22.9,23.16,13800
2005-02-08,23.01,23.17,22.709999,22.75,4600
2005-02-09,22.639999,23.1,22.610001,22.99,17400
2005-02-10,23.42,23.48,22.450001,22.709999,7000
2005-02-11,22.43,23.34,22.049999,23,26700
2005-02-14,23.5,23.5,22.639999,22.879999,42700
2005-02-15,23.49,23.49,22.559999,22.799999,12800
2005-02-16,23.5,23.5,22.74,23.49,9800
2005-02-17,23.5,23.5,23.24,23.309999,10700
2005-02-18,23.540001,23.540001,23.209999,23.209999,4600
2005-02-22,23.200001,23.809999,22.75,22.950001,18200
2005-02-23,22.950001,22.969999,22.950001,22.969999,400
2005-02-24,22.75,23.16,22.75,22.9,2600
2005-02-25,22.969999,23.99,22.91,23.68,31200
2005-02-28,23.690001,23.860001,23.68,23.780001,5900
2005-03-01,23.76,24.24,23.530001,24.030001,6600
2005-03-02,24.25,24.25,23.860001,24.200001,3300
2005-03-03,23.549999,24.190001,23.549999,24.190001,1300
2005-03-04,24.190001,24.190001,24.190001,24.190001,0
2005-03-07,24.25,24.25,23.719999,23.719999,1600
2005-03-08,23.530001,23.540001,22.82,22.82,2300
2005-03-09,22.51,22.639999,22.5,22.620001,2500
2005-03-10,22.51,22.93,22.51,22.93,2300
2005-03-11,22.860001,23,22.620001,23,2200
2005-03-14,22.860001,22.99,22.860001,22.99,1400
2005-03-15,22.77,22.780001,22.26,22.42,3600
2005-03-16,22.950001,22.950001,22.030001,22.030001,1900
2005-03-17,22,22.110001,21.700001,22,5000
2005-03-18,22.389999,22.389999,22.24,22.24,1500
2005-03-21,22.889999,23.08,22.08,22.57,9900
2005-03-22,21.790001,22.4,21.790001,22.35,2100
2005-03-23,21.74,22.620001,21.67,21.67,3700
2005-03-24,22,22,21.76,21.92,2600
2005-03-28,21.99,22.01,21.92,21.92,2400
2005-03-29,22,22.120001,21.6,22.1,3900
2005-03-30,21.9,22.110001,21.67,22.110001,800
2005-03-31,22.17,22.290001,21.549999,22.139999,3200
2005-04-01,22.129999,22.129999,21.77,21.77,1300
2005-04-04,21.860001,21.860001,21.799999,21.799999,2300
2005-04-05,21.809999,21.809999,21.809999,21.809999,800
2005-04-06,21.809999,21.809999,21.299999,21.299999,7000
2005-04-07,21.51,21.51,19.76,20.07,15500
2005-04-08,20.049999,20.049999,19.549999,19.549999,23800
2005-04-11,19.75,19.77,19.530001,19.77,1100
2005-04-12,19.75,19.889999,19.75,19.799999,1500
2005-04-13,20.1,20.299999,20,20,2200
2005-04-14,20,20,20,20,0
2005-04-15,20.02,20.02,19.75,19.93,3000
2005-04-18,19.91,19.91,19.5,19.52,3700
2005-04-19,19.35,19.700001,19.35,19.4,9000
2005-04-20,19.4,20.35,19.4,20,5100
2005-04-21,19.799999,20.1,19.799999,20.1,3000
2005-04-22,20.25,20.25,19.549999,20,5000
2005-04-25,20.25,20.25,19.35,19.35,900
2005-04-26,19.4,19.4,19.299999,19.299999,1000
2005-04-27,19.5,19.5,19.25,19.49,12100
2005-04-28,19.280001,19.5,19,19.139999,10700
2005-04-29,19.27,20,19.27,19.860001,5500
2005-05-02,19.5,19.91,19.5,19.700001,1100
2005-05-03,20,21.25,20,21.25,20900
2005-05-04,21.25,21.25,20.860001,20.860001,900
2005-05-05,21.389999,21.5,21.25,21.469999,5500
2005-05-06,21.5,21.6,21.459999,21.6,5500
2005-05-09,21.25,21.6,21.25,21.6,1300
2005-05-10,21.299999,21.6,21.110001,21.6,6500
2005-05-11,21.299999,21.549999,20.870001,20.870001,10900
2005-05-12,20.85,21.6,20.85,21.33,7600
2005-05-13,20.9,20.9,20.9,20.9,800
2005-05-16,21,21.6,21,21.6,23700
2005-05-17,21.6,21.700001,21.6,21.700001,500
2005-05-18,21.26,21.700001,21.26,21.700001,800
2005-05-19,21.700001,22,21.15,22,3700
2005-05-20,22,22,22,22,1300
2005-05-23,21.77,21.77,21.77,21.77,100
2005-05-24,22,22,21.870001,22,2600
2005-05-25,22,22.290001,22,22.290001,15900
2005-05-26,21.940001,22.799999,21.940001,22.559999,18800
2005-05-27,22.799999,22.799999,22.75,22.75,2500
2005-05-31,22.65,22.780001,22.16,22.780001,8000
2005-06-01,22.68,22.799999,21.549999,22.07,6500
2005-06-02,21.93,22.790001,21.93,22.790001,5700
2005-06-03,22.639999,22.940001,22.6,22.940001,4400
2005-06-06,22.940001,23.1,22.940001,23.049999,7200
2005-06-07,23.1,23.52,23.09,23.52,11300
2005-06-08,22.91,23.99,22.91,23.99,3300
2005-06-09,24,24.040001,22.700001,23.93,11300
2005-06-10,23.360001,23.99,23.360001,23.99,6200
2005-06-13,23.99,23.99,23.879999,23.99,4900
2005-06-14,23.879999,23.99,23.23,23.99,3200
2005-06-15,22.700001,24.440001,22.700001,24.440001,21600
2005-06-16,24.32,24.459999,23.709999,24.389999,8000
2005-06-17,24.32,24.389999,24.139999,24.389999,2900
2005-06-20,24.5,24.5,24.09,24.450001,6400
2005-06-21,24.129999,24.459999,24.129999,24.459999,4500
2005-06-22,24.26,24.459999,24.129999,24.459999,4700
2005-06-23,24.389999,24.4,24.1,24.290001,2900
2005-06-24,24.4,24.459999,23.34,23.35,235700
2005-06-27,23.469999,23.559999,21.66,22.35,40100
2005-06-28,22.27,23.51,21.93,22.860001,26900
2005-06-29,22.57,23.01,22.57,22.98,5700
2005-06-30,23.040001,23.040001,22.389999,22.68,10900
2005-07-01,22.049999,22.290001,22.049999,22.27,5000
2005-07-05,22.48,22.98,22.469999,22.799999,7400
2005-07-06,22.969999,23.25,22.719999,22.719999,2400
2005-07-07,22.59,22.99,22.51,22.52,12500
2005-07-08,22.5,24.370001,22.5,24.16,8700
2005-07-11,24.309999,24.459999,24.24,24.4,4100
2005-07-12,24.459999,24.459999,23.07,23.5,11800
2005-07-13,23.309999,23.709999,23.299999,23.540001,4700
2005-07-14,23.790001,23.790001,23.1,23.1,1500
2005-07-15,23,23.959999,23,23.5,15500
2005-07-18,23.360001,23.84,23,23.02,7200
2005-07-19,23.5,24,23.17,24,3800
2005-07-20,23.629999,24.1,23.370001,24.1,1900
2005-07-21,23.83,24.01,23.43,23.459999,1600
2005-07-22,24,24.24,23.049999,24.01,14600
2005-07-25,23.959999,24.459999,23.48,23.51,21200
2005-07-26,23.299999,24.5,23.299999,24.5,15400
2005-07-27,24.129999,24.51,23.290001,23.969999,15400
2005-07-28,23.66,24.280001,23.5,24.25,6600
2005-07-29,24.25,24.459999,23.92,24.379999,15900
2005-08-01,24.08,24.99,23.879999,24.41,9700
2005-08-02,24.459999,24.459999,23.719999,23.879999,4000
2005-08-03,23.639999,24.040001,23.549999,24.040001,5900
2005-08-04,24.040001,24.040001,22.91,23.23,9200
2005-08-05,23.5,23.870001,22.540001,22.57,9700
2005-08-08,22.83,24.040001,22.540001,22.68,8100
2005-08-09,22.98,23.690001,21.85,22.43,20800
2005-08-10,22.719999,22.969999,22.51,22.780001,2300
2005-08-11,22.639999,24.23,22.5,24.23,9300
2005-08-12,24,24.139999,22.610001,22.889999,9000
2005-08-15,22.540001,23.629999,22.540001,23.49,5400
2005-08-16,22.959999,23.1,22.290001,22.950001,33400
2005-08-17,23.5,23.5,22.43,22.700001,4200
2005-08-18,22.6,22.639999,22.6,22.6,3700
2005-08-19,22.809999,23.34,22.65,23.049999,9800
2005-08-22,23,23.1,22.700001,23.1,14800
2005-08-23,23.32,23.49,23.049999,23.200001,31600
2005-08-24,23,23.469999,23,23.4,7700
2005-08-25,23.049999,23.139999,22.799999,23.139999,6000
2005-08-26,22.85,23.360001,22.65,22.889999,16100
2005-08-29,23.09,23.5,23,23.450001,60300
2005-08-30,23.5,23.5,22.9,23.25,7200
2005-08-31,23.459999,23.870001,23.290001,23.700001,5900
2005-09-01,24,24,23.440001,23.799999,5000
2005-09-02,23.440001,23.5,23.209999,23.26,700
2005-09-06,23.25,23.48,23.15,23.48,1600
2005-09-07,23.27,23.48,23.1,23.389999,9700
2005-09-08,23.15,23.469999,23.1,23.15,46500
2005-09-09,23.16,23.48,23.16,23.42,6600
2005-09-12,23.35,23.49,23.219999,23.48,3700
2005-09-13,23.35,23.4,22.77,23.07,17500
2005-09-14,22.700001,23.41,22.58,22.85,3300
2005-09-15,22.51,23.1,22,22.299999,18200
2005-09-16,22.52,23.049999,22.25,22.5,32900
2005-09-19,22.76,23.16,22.280001,22.66,7600
2005-09-20,23.42,23.42,22.459999,22.700001,2200
2005-09-21,22.889999,23.25,22.34,22.35,7600
2005-09-22,22.799999,22.799999,22.35,22.360001,7500
2005-09-23,22.360001,22.52,22.35,22.450001,3000
2005-09-26,22.309999,23.049999,22.07,23.049999,14900
2005-09-27,23.120001,23.120001,22.059999,22.219999,1200
2005-09-28,22,22.16,21.4,21.799999,7600
2005-09-29,22.030001,22.280001,21.75,22.280001,2900
2005-09-30,22.5,22.799999,22.120001,22.799999,3700
2005-10-03,22.799999,22.799999,22.799999,22.799999,0
2005-10-04,23,23,22.26,22.26,1500
2005-10-05,22.25,22.68,21.75,21.75,10000
2005-10-06,21.76,22.440001,21.75,21.76,7400
2005-10-07,22,22.379999,21.809999,21.809999,5000
2005-10-10,21.93,22.59,21.85,21.93,8900
2005-10-11,22.049999,22.440001,21.780001,21.780001,3600
2005-10-12,22.16,22.459999,22,22,14200
2005-10-13,21.85,22,21.75,22,5800
2005-10-14,22,22.690001,21.799999,22.690001,2400
2005-10-17,22.969999,23.219999,22.27,22.559999,1200
2005-10-18,22.93,22.93,21.950001,22.440001,4000
2005-10-19,22.17,22.559999,21.959999,22.559999,3400
2005-10-20,22.65,22.83,21.950001,21.959999,2400
2005-10-21,21.950001,22.66,21.950001,22.280001,1900
2005-10-24,22.59,23.49,22.360001,23.49,4000
2005-10-25,23.440001,23.49,23.17,23.48,5500
2005-10-26,23.32,23.450001,22.51,22.92,29000
2005-10-27,23.290001,23.48,23,23.35,49200
2005-10-28,23.49,23.49,23.24,23.35,9000
2005-10-31,23.49,23.49,23.290001,23.49,9500
2005-11-01,23.280001,23.35,23.24,23.24,6400
2005-11-02,23.43,23.98,23.43,23.92,6700
2005-11-03,24,24,23.25,23.290001,94500
2005-11-04,23.639999,23.639999,23.25,23.34,9700
2005-11-07,23.209999,23.290001,22.77,23.18,17600
2005-11-08,23.23,23.68,23.01,23.65,4000
2005-11-09,23.42,24,23.42,23.73,13000
2005-11-10,23.790001,24.040001,23.530001,23.879999,10700
2005-11-11,24.030001,24.030001,24,24,900
2005-11-14,24.08,24.08,23.52,23.780001,6700
2005-11-15,23.950001,23.950001,23.5,23.74,4000
2005-11-16,23.559999,23.559999,23.5,23.5,3600
2005-11-17,23.83,23.93,23.799999,23.9,1500
2005-11-18,24,24,23.75,23.82,10700
2005-11-21,24.040001,24.049999,23.799999,24.049999,4400
2005-11-22,24,24.08,24,24.08,3100
2005-11-23,24.09,24.09,24.09,24.09,300
2005-11-25,24.15,24.15,24.15,24.15,700
2005-11-28,23.85,24.17,23.209999,23.35,12700
2005-11-29,23.309999,24.559999,23.309999,23.549999,9800
2005-11-30,23.48,24,22.950001,23.049999,12400
2005-12-01,23.299999,23.610001,23.280001,23.610001,7000
2005-12-02,23.51,23.93,23.5,23.639999,5400
2005-12-05,23.639999,23.639999,23.15,23.290001,1500
2005-12-06,23.68,24.15,23.25,23.309999,7600
2005-12-07,23.65,23.719999,23.200001,23.280001,4300
2005-12-08,23.280001,23.379999,23.27,23.309999,600
2005-12-09,23.219999,23.93,23.200001,23.540001,9300
2005-12-12,23.780001,23.780001,23.110001,23.360001,5200
2005-12-13,23.1,23.32,23.1,23.18,1200
2005-12-14,23.74,23.74,23.16,23.309999,4700
2005-12-15,23,23.299999,23,23.299999,3700
2005-12-16,23.18,23.23,23.030001,23.23,30300
2005-12-19,23.57,23.57,22.299999,22.700001,9200
2005-12-20,22.370001,22.51,22.23,22.51,7800
2005-12-21,22.51,22.75,22.5,22.5,3500
2005-12-22,22.5,23.209999,22.32,23.01,9800
2005-12-23,22.65,23.27,22.65,23.129999,2800
2005-12-27,22.52,22.610001,22.35,22.610001,1000
2005-12-28,22.620001,23.83,22.32,23.23,11100
2005-12-29,23.1,23.16,22.92,22.940001,2600
2005-12-30,22.77,23.24,22.48,22.790001,2900
2006-01-03,22.58,22.75,22.16,22.540001,9900
2006-01-04,23.360001,23.360001,22.58,22.76,2500
2006-01-05,22.77,23.040001,22.77,23.040001,4700
2006-01-06,23.25,23.25,22.440001,22.459999,9800
2006-01-09,22.68,23.01,22.34,22.719999,11600
2006-01-10,22.48,22.85,22.48,22.76,1000
2006-01-11,22.98,22.98,22.450001,22.92,5500
2006-01-12,22.799999,23,22.780001,22.85,2800
2006-01-13,22.540001,22.540001,22.5,22.5,1300
2006-01-17,22.450001,22.75,22.450001,22.6,1900
2006-01-18,22.870001,22.870001,22.6,22.75,1100
2006-01-19,22.98,23,22.67,22.67,2200
2006-01-20,23,23,22.75,22.75,5000
2006-01-23,22.940001,22.950001,22.75,22.950001,1200
2006-01-24,23,23.389999,23,23.25,13000
2006-01-25,23.25,23.43,23.200001,23.41,1800
2006-01-26,23.74,23.950001,23.719999,23.93,1700
2006-01-27,23.99,24.66,23.98,24.370001,6800
2006-01-30,24.48,24.6,24.48,24.540001,7600
2006-01-31,24.139999,24.6,24.139999,24.43,3400
2006-02-01,24.5,24.6,24.5,24.58,4800
2006-02-02,24.65,24.77,24.57,24.57,11300
2006-02-03,24.65,24.98,24.65,24.98,1100
2006-02-06,24.91,25,24.91,25,4200
2006-02-07,25.280001,25.49,25,25.059999,8800
2006-02-08,25.110001,25.299999,24.73,24.91,6900
2006-02-09,24.84,25.07,24.75,24.76,3200
2006-02-10,24.77,25.15,24.77,25,6400
2006-02-13,24.76,25.01,24.6,24.700001,24400
2006-02-14,24.99,25.200001,24.99,25.049999,1500
2006-02-15,25.25,25.42,25.25,25.299999,2300
2006-02-16,24.879999,25.5,24.879999,25.4,2100
2006-02-17,25.57,25.950001,25.120001,25.83,4500
2006-02-21,25.82,25.83,25.559999,25.620001,2700
2006-02-22,25.879999,26,25.67,25.67,4500
2006-02-23,25.84,26.33,25.690001,25.700001,2200
2006-02-24,25.75,26.16,25.07,25.309999,11900
2006-02-27,25.57,25.75,24.85,25.049999,6500
2006-02-28,25,25.18,25,25.02,4200
2006-03-01,24.809999,25.75,24.809999,25.75,4600
2006-03-02,25.9,26.48,25.290001,25.530001,3700
2006-03-03,25.559999,26.25,25.559999,26.25,1300
2006-03-06,26,26,25.030001,25.25,15400
2006-03-07,25.25,25.6,25.25,25.469999,4100
2006-03-08,25.48,25.74,25.4,25.65,10000
2006-03-09,25.52,25.959999,25.4,25.51,7900
2006-03-10,25.49,25.65,25.49,25.65,3500
2006-03-13,26.25,26.389999,25.870001,25.870001,2800
2006-03-14,26.02,26.5,25.459999,26.23,5800
2006-03-15,26.450001,26.450001,26.200001,26.200001,2900
2006-03-16,26,26.18,25.83,26.15,8200
2006-03-17,26.15,26.15,25.790001,25.91,40000
2006-03-20,26.09,26.09,25.719999,26,4500
2006-03-21,25.139999,26,25.07,25.139999,9800
2006-03-22,25.01,25.059999,25,25.030001,2200
2006-03-23,25.52,25.52,25.209999,25.389999,2600
2006-03-24,25.799999,25.799999,25.51,25.799999,2300
2006-03-27,25.809999,25.809999,25.549999,25.799999,1000
2006-03-28,25.940001,26,25.809999,25.809999,1000
2006-03-29,25.799999,25.85,25.59,25.799999,5700
2006-03-30,25.549999,25.75,25.5,25.700001,1600
2006-03-31,25.700001,25.76,25.58,25.76,4500
2006-04-03,25.99,25.99,25.08,25.219999,8700
2006-04-04,25.389999,25.48,25.209999,25.209999,900
2006-04-05,25,25.16,24.91,25.07,1300
2006-04-06,24.950001,25.389999,24.700001,25.370001,8500
2006-04-07,25.370001,25.459999,24.790001,24.83,6800
2006-04-10,24.66,24.83,24.66,24.68,4800
2006-04-11,24.5,24.5,23.42,23.530001,5100
2006-04-12,23.690001,23.91,23.41,23.75,13200
2006-04-13,23.65,23.879999,23.65,23.879999,3400
2006-04-17,24.110001,24.110001,23.75,23.790001,4000
2006-04-18,24.120001,25.17,24.120001,25.17,4100
2006-04-19,25.040001,25.309999,24.969999,25.309999,6400
2006-04-20,24.99,24.99,24.6,24.690001,3300
2006-04-21,25.92,25.92,23.84,24.959999,8500
2006-04-24,25.25,25.25,24.6,24.6,4000
2006-04-25,24.799999,24.969999,24.6,24.969999,5400
2006-04-26,25.1,25.25,24.66,24.719999,4900
2006-04-27,24.5,25.25,24.5,25.139999,4400
2006-04-28,25.16,25.65,24.68,25.450001,2100
2006-05-01,25.25,25.25,24.5,24.5,6600
2006-05-02,24.6,25.379999,24.6,25.379999,12500
2006-05-03,25.41,25.41,25.200001,25.299999,600
2006-05-04,25.01,25.5,25.01,25.5,700
2006-05-05,25.48,25.5,25.200001,25.5,2300
2006-05-08,25.299999,25.4,25.299999,25.299999,1200
2006-05-09,25.25,25.67,25.15,25.15,1800
2006-05-10,25.35,25.58,25.040001,25.040001,2200
2006-05-11,25,25.030001,24.799999,24.799999,10200
2006-05-12,25,25.469999,25,25.110001,44100
2006-05-15,25,25.280001,25,25.24,5300
2006-05-16,25.48,25.48,25.25,25.25,1800
2006-05-17,25,25.360001,25,25.049999,2400
2006-05-18,24.879999,25.4,24.799999,25.07,3700
2006-05-19,25.07,25.290001,25.07,25.219999,7400
2006-05-22,25.219999,26,25.1,25.940001,6100
2006-05-23,25.99,26,25.5,25.5,4300
2006-05-24,25.5,25.959999,25.32,25.959999,4200
2006-05-25,25.959999,25.959999,25.610001,25.85,4700
2006-05-26,26,26.09,25.4,26,43900
2006-05-30,26.200001,26.209999,25.5,25.5,7800
2006-05-31,25.809999,26.1,25.799999,26.09,6200
2006-06-01,26.32,26.35,25.67,25.75,22400
2006-06-02,25.799999,26.059999,25.75,26.01,13900
2006-06-05,25.860001,26.190001,25.65,25.709999,7800
2006-06-06,25.75,25.85,25.559999,25.75,7000
2006-06-07,25.99,26.049999,25.75,25.82,7200
2006-06-08,25.799999,26.26,25.76,26.120001,91600
2006-06-09,25.959999,26.85,25.959999,26.57,5300
2006-06-12,26.809999,26.9,25.780001,25.870001,15900
2006-06-13,25.9,26.5,25.709999,26.27,6900
2006-06-14,26.27,26.299999,25.99,25.99,4300
2006-06-15,26.18,27,26.1,27,35200
2006-06-16,27,27.01,26.799999,26.799999,65100
2006-06-19,27.01,27.389999,26.870001,27.26,9700
2006-06-20,27.4,27.4,26.9,26.950001,9000
2006-06-21,27.200001,27.4,27.129999,27.309999,2600
2006-06-22,27.4,27.5,27.01,27.440001,4400
2006-06-23,26.950001,27.059999,26.82,26.84,3800
2006-06-26,26.65,27.75,26.65,27.68,11500
2006-06-27,27.75,28.5,27.52,28.07,14500
2006-06-28,28.49,28.49,28.040001,28.219999,2400
2006-06-29,28.5,28.5,27.84,28.200001,11700
2006-06-30,28.09,28.190001,26.219999,26.219999,81900
2006-07-03,26.469999,27.67,26.379999,27.360001,15700
2006-07-05,26.969999,27.74,26.57,26.73,13300
2006-07-06,27.02,27.23,26.370001,26.84,10100
2006-07-07,26.91,26.969999,26.5,26.5,3500
2006-07-10,26.5,26.790001,26.5,26.790001,4800
2006-07-11,26.620001,28.200001,26.34,28.16,20400
2006-07-12,27.950001,28.01,27.030001,27.360001,9200
2006-07-13,26.940001,27.700001,26.379999,26.379999,10000
2006-07-14,27.15,27.15,25.549999,25.700001,7100
2006-07-17,25.700001,25.98,25.700001,25.719999,3100
2006-07-18,26.16,26.74,26,26.25,5100
2006-07-19,26.719999,27.23,26.23,27.200001,6900
2006-07-20,27.709999,27.709999,26.77,26.77,5500
2006-07-21,26.76,26.76,26.5,26.629999,4100
2006-07-24,27.27,28,27.27,28,6600
2006-07-25,28,29.4,27.93,29.4,20500
2006-07-26,29.4,29.99,28.889999,29.700001,18400
2006-07-27,29.25,29.290001,28.120001,28.4,28400
2006-07-28,28.41,29.25,28.41,29.24,21800
2006-07-31,29.25,30.1,29.110001,30.030001,43500
2006-08-01,30.1,30.5,29.889999,30.290001,6000
2006-08-02,30.389999,30.83,30.299999,30.83,6000
2006-08-03,30.950001,31.99,30.84,31.25,15500
2006-08-04,31.07,31.959999,31.059999,31.950001,29800
2006-08-07,32.110001,33.189999,31.700001,32.790001,35400
2006-08-08,33.099998,33.369999,32.73,32.990002,25700
2006-08-09,33,33,31.26,31.26,25000
2006-08-10,30.83,30.83,29.610001,29.959999,25500
2006-08-11,29.68,29.809999,29.209999,29.209999,6700
2006-08-14,30,30.35,29.6,29.690001,17300
2006-08-15,30,30.450001,29.559999,30,8800
2006-08-16,29.85,30.450001,29.799999,29.799999,9900
2006-08-17,30.030001,31.139999,29.719999,30,19900
2006-08-18,30,31.33,29.76,31,19600
2006-08-21,31,31.49,30.9,31.41,16500
2006-08-22,31.799999,32.369999,31.48,32.200001,28500
2006-08-23,32.5,32.700001,31.66,31.9,18600
2006-08-24,32.200001,32.849998,31.799999,32.009998,17300
2006-08-25,31.969999,32.099998,31.540001,31.540001,5100
2006-08-28,31.799999,32.419998,31.219999,31.32,27300
2006-08-29,31.4,31.940001,31.030001,31.6,29400
2006-08-30,31.5,31.77,31.32,31.440001,9100
2006-08-31,31.5,31.83,31.15,31.360001,30500
2006-09-01,31.780001,31.780001,31.18,31.200001,15600
2006-09-05,31.879999,33.040001,31.450001,32.900002,50800
2006-09-06,32.900002,32.900002,32.349998,32.509998,22100
2006-09-07,32.450001,32.650002,32.450001,32.630001,14400
2006-09-08,32.959999,32.959999,32.470001,32.639999,7400
2006-09-11,32.970001,32.98,32.52,32.610001,9400
2006-09-12,32.880001,32.880001,32.560001,32.75,8200
2006-09-13,32.75,32.75,32.57,32.75,21300
2006-09-14,32.650002,32.75,32.360001,32.75,13600
2006-09-15,32.75,32.75,32.619999,32.709999,24900
2006-09-18,32.48,33,32.48,32.529999,43800
2006-09-19,32.209999,32.650002,31.9,32.57,20400
2006-09-20,32.75,32.75,32.18,32.470001,23000
2006-09-21,32.669998,32.68,32.080002,32.080002,4000
2006-09-22,32.09,32.450001,31.1,31.110001,27700
2006-09-25,31.549999,32.200001,31.209999,31.98,18100
2006-09-26,32.189999,32.189999,31.620001,31.719999,6900
2006-09-27,31.75,31.75,31.290001,31.5,6800
2006-09-28,31.77,32.799999,31.74,31.860001,37200
2006-09-29,31.860001,31.860001,31.18,31.25,24000
2006-10-02,31.82,31.99,31.17,31.65,21000
2006-10-03,31.299999,32.25,31.299999,32.099998,18700
2006-10-04,32.110001,32.580002,31.809999,32.240002,16900
2006-10-05,32.099998,32.25,32,32.25,16200
2006-10-06,32.299999,32.299999,31.93,32.099998,13800
2006-10-09,32.720001,32.720001,32.130001,32.130001,13500
2006-10-10,32.130001,32.25,32,32.25,11700
2006-10-11,31.9,32.25,31.9,32.02,23900
2006-10-12,32.25,33.080002,32.02,32.939999,15100
2006-10-13,32.970001,34,32.970001,33.880001,12200
2006-10-16,33.900002,34.849998,33.639999,34.799999,12000
2006-10-17,34.799999,35.150002,34.509998,35,16800
2006-10-18,35,35.25,34.610001,34.889999,7700
2006-10-19,34.700001,35.360001,34.700001,34.830002,9900
2006-10-20,34.950001,34.950001,33.52,33.77,16900
2006-10-23,33.779999,34.360001,33.779999,33.84,7400
2006-10-24,33.709999,33.799999,33.049999,33.27,36400
2006-10-25,33.540001,33.540001,32.450001,32.52,17600
2006-10-26,32.48,32.560001,31.9,32.060001,11000
2006-10-27,32.599998,32.599998,32.130001,32.150002,11100
2006-10-30,31.629999,31.99,31.01,31.379999,52000
2006-10-31,31.27,31.370001,31,31.01,66600
2006-11-01,31,31.18,30.299999,30.309999,57900
2006-11-02,30.25,30.459999,30.110001,30.35,27300
2006-11-03,30.34,30.76,30.15,30.540001,19900
2006-11-06,30.4,30.93,30.4,30.700001,31800
2006-11-07,30.6,30.950001,30.6,30.799999,18600
2006-11-08,30.799999,31.950001,30.799999,31.950001,91900
2006-11-09,32,32,31.01,31.4,8600
2006-11-10,31.27,31.620001,31.27,31.620001,6400
2006-11-13,31.43,31.52,31.110001,31.290001,12200
2006-11-14,31.25,32,31.200001,31.889999,15900
2006-11-15,31.77,32.299999,31.530001,32.299999,18000
2006-11-16,31.950001,32.450001,31.950001,32.150002,14400
2006-11-17,32.080002,32.200001,31.35,31.48,4600
2006-11-20,31.450001,31.950001,31.25,31.700001,13500
2006-11-21,31.52,31.93,31.52,31.93,6500
2006-11-22,31.940001,31.99,31.51,31.700001,2300
2006-11-24,31.309999,31.67,31.309999,31.4,1100
2006-11-27,31.299999,31.360001,31.15,31.18,17800
2006-11-28,31.16,31.469999,31.059999,31.059999,16200
2006-11-29,31.41,31.549999,31.25,31.33,9100
2006-11-30,31.33,32,30.77,30.77,17700
2006-12-01,30.9,31.1,29.950001,30.35,23700
2006-12-04,30.139999,31.23,30.139999,31.23,4900
2006-12-05,31.16,31.5,31.16,31.27,7800
2006-12-06,31.25,31.48,31.25,31.48,3200
2006-12-07,31.4,31.5,31.4,31.459999,4800
2006-12-08,31.4,31.5,31.25,31.370001,16700
2006-12-11,31.299999,31.49,31.190001,31.34,3700
2006-12-12,31.41,31.48,31.15,31.25,10900
2006-12-13,31.5,31.5,30.700001,31,10100
2006-12-14,30.5,31,30.5,31,15200
2006-12-15,31,31,30.65,30.85,16900
2006-12-18,30.860001,30.860001,29.540001,29.59,8500
2006-12-19,29.530001,29.620001,29.049999,29.58,7900
2006-12-20,29.9,29.950001,29.629999,29.76,3900
2006-12-21,29.91,30.24,29.17,29.209999,4200
2006-12-22,29.92,29.92,29.209999,29.219999,3400
2006-12-26,29.01,29.34,29.01,29.23,14800
2006-12-27,29.58,29.9,29.549999,29.549999,9500
2006-12-28,29.4,29.639999,29.1,29.1,53200
2006-12-29,29.110001,29.379999,29.110001,29.34,67100
2007-01-03,29.700001,29.75,29.049999,29.33,10000
2007-01-04,29.219999,29.700001,29.219999,29.66,8100
2007-01-05,29.35,29.49,29,29.049999,11700
2007-01-08,28.889999,29,28.75,28.780001,16400
2007-01-09,28.780001,29.01,28.639999,28.77,4700
2007-01-10,28.65,28.91,28.65,28.870001,5800
2007-01-11,29,29.42,28.92,29.23,8100
2007-01-12,29.389999,29.76,29.389999,29.76,4000
2007-01-16,29.709999,29.709999,28.879999,28.9,7000
2007-01-17,28.950001,29.24,28.870001,28.879999,6200
2007-01-18,29,29.65,29,29.5,25400
2007-01-19,29.530001,30.49,29.5,30.49,9500
2007-01-22,30.129999,30.58,29.66,29.66,8100
2007-01-23,29.4,30.450001,29.4,30.059999,26400
2007-01-24,30.549999,30.6,30,30.049999,85700
2007-01-25,30.290001,30.5,29.49,30.129999,15100
2007-01-26,30.309999,30.41,29.6,30.41,9300
2007-01-29,30.18,30.67,30.18,30.4,6800
2007-01-30,30.629999,30.629999,30.02,30.139999,6100
2007-01-31,30.15,30.32,29.940001,30.129999,8500
2007-02-01,30.129999,30.15,29.67,29.67,5700
2007-02-02,29.66,29.66,29.290001,29.32,4900
2007-02-05,29.200001,29.49,29.200001,29.25,7500
2007-02-06,29.4,29.450001,29.1,29.33,9900
2007-02-07,29.32,29.32,29.110001,29.200001,3500
2007-02-08,29.200001,29.530001,29.110001,29.48,9700
2007-02-09,29.389999,29.76,29.25,29.469999,34900
2007-02-12,29.190001,29.620001,29.190001,29.620001,18300
2007-02-13,29.610001,29.790001,29.459999,29.76,5100
2007-02-14,29.879999,29.879999,29.200001,29.27,6100
2007-02-15,29.110001,29.110001,28.780001,28.780001,5300
2007-02-16,29.01,29.01,28.780001,28.780001,4900
2007-02-20,28.780001,29.24,28.76,28.85,16300
2007-02-21,28.75,29.18,28.709999,29.18,17300
2007-02-22,29.09,29.09,28.65,29.07,5300
2007-02-23,28.969999,28.969999,28.57,28.68,14200
2007-02-26,28.6,28.790001,28.219999,28.51,72700
2007-02-27,28.23,28.51,28,28.35,54300
2007-02-28,28.35,28.91,28.35,28.709999,29500
2007-03-01,28.360001,28.959999,28.360001,28.639999,10100
2007-03-02,28.639999,28.889999,28.639999,28.67,28200
2007-03-05,28.85,28.969999,28.639999,28.639999,62100
2007-03-06,28.809999,28.93,28.110001,28.52,7700
2007-03-07,28.610001,28.610001,28.049999,28.27,14400
2007-03-08,28.440001,28.440001,28,28,13900
2007-03-09,28.280001,28.299999,28,28.09,5700
2007-03-12,28.07,28.09,27.91,27.950001,4400
2007-03-13,27.940001,27.98,27.120001,27.16,16800
2007-03-14,27.18,27.26,26.85,26.879999,29000
2007-03-15,27.24,27.459999,27.01,27.459999,12500
2007-03-16,27.530001,27.530001,26.9,27.52,33300
2007-03-19,27.379999,27.73,27.379999,27.73,7100
2007-03-20,27.5,27.73,27.450001,27.700001,9000
2007-03-21,27.700001,28.959999,27.51,28.959999,3100
2007-03-22,28.780001,28.780001,28.18,28.49,6600
2007-03-23,28.360001,28.48,28.09,28.190001,3100
2007-03-26,28.139999,28.18,28,28,2700
2007-03-27,27.82,27.84,27.620001,27.620001,5200
2007-03-28,27.709999,28.09,27.709999,27.75,13800
2007-03-29,27.74,28.1,27.59,28,11100
2007-03-30,27.9,28.059999,27.200001,28.059999,25400
2007-04-02,27.709999,28.059999,27.709999,28.01,14300
2007-04-03,28.07,28.299999,27.959999,28,25600
2007-04-04,27.879999,28.190001,27.85,27.85,10800
2007-04-05,27.84,27.940001,27.57,27.93,7100
2007-04-09,28.08,28.15,27.879999,27.879999,8900
2007-04-10,27.959999,28.040001,27.639999,27.73,3200
2007-04-11,27.690001,27.73,27.139999,27.48,8000
2007-04-12,27.299999,27.299999,27.01,27.110001,4400
2007-04-13,27,27.610001,26.83,27.530001,15000
2007-04-16,27.690001,28.24,27.450001,27.51,24200
2007-04-17,27.42,27.49,27.25,27.280001,2600
2007-04-18,27.15,27.15,26.9,27,6700
2007-04-19,27.02,27.129999,26.6,26.639999,8400
2007-04-20,27.09,27.15,26.889999,27.15,7800
2007-04-23,27.17,27.48,26.799999,27.299999,9900
2007-04-24,27.290001,27.290001,26.799999,27.02,7700
2007-04-25,27.08,27.34,26.83,26.969999,9200
2007-04-26,26.92,28,26.790001,27.9,42100
2007-04-27,28,28.450001,27.93,28.08,57800
2007-04-30,28.41,28.41,27.809999,27.84,22500
2007-05-01,27.799999,28.26,27.690001,28.26,6100
2007-05-02,28.309999,28.35,28.01,28.15,18700
2007-05-03,28.26,28.26,27.940001,28.02,11100
2007-05-04,28.280001,28.33,27.950001,28.02,9500
2007-05-07,28.02,28.48,28.02,28.1,18500
2007-05-08,28,28.129999,28,28.129999,16800
2007-05-09,28,28.200001,27.9,28.16,28900
2007-05-10,28.16,28.16,27.65,27.85,20000
2007-05-11,28.030001,28.23,27.9,28,2000
2007-05-14,28.059999,28.290001,27.9,27.92,7200
2007-05-15,27.780001,28.110001,27.75,27.75,26800
2007-05-16,27.889999,28.09,27.700001,27.85,8500
2007-05-17,27.870001,28.02,27.309999,27.93,7300
2007-05-18,27.82,27.93,27.719999,27.93,9800
2007-05-21,27.860001,28.1,27.860001,28.09,16900
2007-05-22,28,28.5,28,28.16,12400
2007-05-23,28.209999,28.379999,27.91,27.98,7600
2007-05-24,27.809999,28.08,27.690001,27.879999,15400
2007-05-25,28.040001,28.15,27.780001,27.780001,7800
2007-05-29,27.99,28,27.76,27.92,6800
2007-05-30,27.780001,28.02,27.75,27.98,20300
2007-05-31,28,28.15,27.82,27.83,3300
2007-06-01,28.09,28.17,27.700001,27.84,5400
2007-06-04,27.85,27.98,27.74,27.860001,7200
2007-06-05,27.75,27.92,27.73,27.860001,13400
2007-06-06,27.879999,27.950001,27.74,27.84,4800
2007-06-07,27.75,27.809999,27.700001,27.799999,4300
2007-06-08,27.629999,28.23,27.629999,28.18,15200
2007-06-11,28.040001,28.299999,28.040001,28.190001,9700
2007-06-12,28.190001,28.190001,27.75,27.75,15700
2007-06-13,27.700001,28.030001,27.66,27.889999,26600
2007-06-14,27.889999,28.389999,27.889999,28.190001,19600
2007-06-15,28.6,28.6,27.57,27.780001,69300
2007-06-18,27.75,28.27,26.950001,27.379999,56200
2007-06-19,27.16,28.299999,27.16,28.09,15400
2007-06-20,28.09,28.299999,27.870001,27.870001,23400
2007-06-21,27.75,28.01,27.75,27.809999,15500
2007-06-22,27.860001,28.1,27.35,27.35,136300
2007-06-25,27.5,28.35,27.32,27.83,40500
2007-06-26,28.120001,28.370001,27.58,27.940001,33300
2007-06-27,27.91,28.299999,27.870001,28.24,21000
2007-06-28,28.24,28.5,28.059999,28.48,26200
2007-06-29,28.33,28.620001,28.17,28.200001,24600
2007-07-02,28.15,28.799999,28.15,28.639999,14500
2007-07-03,28.860001,28.950001,28.59,28.889999,10500
2007-07-05,28.83,29.049999,28.129999,28.26,54100
2007-07-06,28.23,28.73,28.23,28.43,20700
2007-07-09,28.43,28.559999,28.25,28.27,42100
2007-07-10,28.18,28.18,27.690001,27.700001,23200
2007-07-11,27.719999,27.84,27.370001,27.799999,15100
2007-07-12,27.809999,28.33,27.77,28.33,7300
2007-07-13,28.049999,28.049999,27.75,28.030001,5400
2007-07-16,28,28.049999,27.549999,27.92,55000
2007-07-17,27.91,28.52,27.85,28.049999,17500
2007-07-18,27.969999,28.02,27.15,27.51,36500
2007-07-19,27.700001,28.01,27.549999,27.67,5500
2007-07-20,27.610001,27.93,26.73,27.75,30800
2007-07-23,27.75,27.98,27.59,27.82,9900
2007-07-24,27.92,28.09,27.030001,27.74,48100
2007-07-25,26.84,28,26.84,27.700001,25100
2007-07-26,27.299999,27.75,27.27,27.33,26400
2007-07-27,27.129999,27.57,25.93,25.959999,14600
2007-07-30,25.950001,27.450001,25.9,27.280001,17900
2007-07-31,27.5,27.75,26.85,26.85,23000
2007-08-01,26.67,27.75,26.67,27.75,13700
2007-08-02,27.75,27.75,27.15,27.379999,21300
2007-08-03,27.030001,27.280001,25.41,25.74,34100
2007-08-06,25.559999,26.84,25.559999,26.549999,24800
2007-08-07,26.42,27.09,26.35,26.59,82500
2007-08-08,26.9,27,26.07,26.48,43200
2007-08-09,26.07,26.889999,26.07,26.51,18300
2007-08-10,26.42,27.75,26.4,27.75,58800
2007-08-13,27.75,28,26.790001,26.790001,29000
2007-08-14,26.620001,27.68,26.559999,26.98,12800
2007-08-15,27.25,28.18,27.040001,27.040001,24400
2007-08-16,27.290001,28,27.129999,27.540001,61700
2007-08-17,28,28.5,27.610001,27.799999,68900
2007-08-20,27.92,28.66,27.92,28.66,16700
2007-08-21,28.25,29.120001,28.25,28.73,29800
2007-08-22,29.07,30.6,28.83,30.6,25400
2007-08-23,30.870001,32.310001,29.35,29.74,25300
2007-08-24,29.879999,30.17,28.34,30.17,15800
2007-08-27,30.190001,30.35,29.719999,29.719999,21600
2007-08-28,29.42,29.6,28.549999,28.709999,9700
2007-08-29,28.93,29.18,28.01,29.18,12900
2007-08-30,28.719999,29.6,28.719999,28.77,22600
2007-08-31,29.129999,29.27,28.48,28.799999,13100
2007-09-04,28.559999,28.559999,28.049999,28.360001,6700
2007-09-05,28.129999,28.26,28.030001,28.110001,6400
2007-09-06,28,28.450001,28,28.25,13000
2007-09-07,28,28.030001,27.58,27.77,10100
2007-09-10,27.889999,28.01,27.629999,27.82,10700
2007-09-11,27.99,28.549999,27.99,28.48,7200
2007-09-12,28.32,28.32,27.889999,28.120001,6800
2007-09-13,28.139999,28.6,28.049999,28.450001,12700
2007-09-14,28.43,28.549999,28.23,28.379999,8200
2007-09-17,28.370001,28.540001,28.030001,28.51,16700
2007-09-18,28.5,30.309999,28.5,30,38300
2007-09-19,30,30.5,29.809999,30.15,50800
2007-09-20,30,30,29.540001,29.969999,17300
2007-09-21,30.120001,30.5,29.32,29.48,64000
2007-09-24,29.25,29.450001,29,29.09,31100
2007-09-25,29.02,29.389999,28.83,29.02,20200
2007-09-26,29.299999,29.559999,29.02,29.559999,25600
2007-09-27,29.629999,29.66,29.41,29.5,34800
2007-09-28,29.48,29.85,28.610001,28.66,29100
2007-10-01,28.59,29.68,28.540001,29.68,17400
2007-10-02,29.5,29.77,29.18,29.73,40900
2007-10-03,29.440001,30.08,29.32,29.559999,62600
2007-10-04,29.74,30.25,29.08,29.85,30300
2007-10-05,30.24,31.59,29.709999,31.59,44500
2007-10-08,31.4,31.870001,30.809999,31.26,23500
2007-10-09,31.360001,31.6,30.200001,31.059999,46100
2007-10-10,30.76,31.74,30.5,31.74,15800
2007-10-11,31.84,32.09,30.870001,30.959999,12400
2007-10-12,30.92,31.73,30.85,31.18,31800
2007-10-15,31.4,31.41,29.559999,29.84,12100
2007-10-16,29.82,30.24,29.6,30.08,10100
2007-10-17,30.33,30.43,29,29.74,14100
2007-10-18,29.65,29.809999,29.110001,29.690001,4700
2007-10-19,29.74,29.74,27.84,27.9,28500
2007-10-22,27.84,28.92,27.4,27.66,30800
2007-10-23,27.32,28,26.889999,27.16,72800
2007-10-24,26.9,27.139999,26.290001,27.08,91000
2007-10-25,27.16,27.75,26.549999,27.459999,69200
2007-10-26,27.889999,27.889999,26.75,27.049999,26400
2007-10-29,27.23,27.719999,26.75,26.93,12300
2007-10-30,26.879999,27.209999,26.48,26.809999,48400
2007-10-31,26.860001,27.5,26.6,27.18,51900
2007-11-01,26.809999,27.08,26.33,26.43,42400
2007-11-02,27.120001,27.280001,26.49,26.65,28900
2007-11-05,26.5,26.83,26.24,26.379999,59800
2007-11-06,26.610001,26.610001,25.9,26.27,34000
2007-11-07,25.9,26,25.41,25.41,63200
2007-11-08,25.610001,25.99,25.299999,25.51,141700
2007-11-09,25.299999,26.25,25.08,25.690001,81400
2007-11-12,25.65,27.299999,25.65,26.4,50800
2007-11-13,26.700001,27.27,26.700001,27,26100
2007-11-14,27.23,27.5,26.58,27,17100
2007-11-15,26.82,27.440001,25.950001,25.969999,18300
2007-11-16,26.030001,26.870001,25.34,26.540001,12800
2007-11-19,26.219999,26.219999,24.129999,24.9,37700
2007-11-20,25.24,26.02,25.24,26.01,23200
2007-11-21,25.959999,26.1,25.32,25.4,117300
2007-11-23,25.91,26.35,25.32,26.290001,9600
2007-11-26,26.02,26.02,25.450001,25.459999,20600
2007-11-27,25.459999,26.280001,25.360001,25.360001,25200
2007-11-28,25.690001,26.75,25.4,26.6,42500
2007-11-29,26.5,26.5,25.299999,25.620001,30300
2007-11-30,25.75,26.01,24.93,24.959999,25100
2007-12-03,25.309999,25.309999,24.5,24.5,44200
2007-12-04,24.530001,24.75,24.5,24.51,18600
2007-12-05,25.08,25.48,24.610001,25.469999,26700
2007-12-06,25.290001,25.51,24.75,25.209999,42600
2007-12-07,25.23,25.6,24.5,24.719999,57300
2007-12-10,24.540001,25.299999,24.540001,25.290001,47400
2007-12-11,25.559999,25.559999,24.450001,24.6,30500
2007-12-12,25.290001,25.950001,24.6,24.780001,42600
2007-12-13,24.620001,25.67,24.59,25.620001,31500
2007-12-14,25.5,25.52,24.84,25.01,21600
2007-12-17,25.01,25.299999,25.01,25.17,8900
2007-12-18,25.43,26.559999,25.200001,26.51,18200
2007-12-19,26.299999,26.41,25.280001,25.66,19000
2007-12-20,25.98,25.98,25.299999,25.74,29100
2007-12-21,26.309999,26.66,25.35,26.610001,99500
2007-12-24,26.27,26.27,25.860001,26.120001,6900
2007-12-26,26.459999,26.870001,26.120001,26.860001,13000
2007-12-27,26.48,26.48,26.15,26.15,18700
2007-12-28,26.68,26.68,25.02,25.059999,9500
2007-12-31,25.02,26.549999,24.75,24.889999,16100
2008-01-02,24.75,25,24,24.01,18000
2008-01-03,24.1,24.58,23.75,23.75,20200
2008-01-04,23.389999,23.389999,22.049999,22.549999,44200
2008-01-07,22.700001,24.75,22.67,23.549999,16400
2008-01-08,23.620001,24.379999,22.959999,22.959999,25000
2008-01-09,23,24.219999,23,23.99,24500
2008-01-10,23.809999,25.059999,23.5,24.65,31700
2008-01-11,24.51,24.860001,23.110001,23.59,20400
2008-01-14,23.790001,23.790001,23.129999,23.34,19500
2008-01-15,23.059999,23.5,23.059999,23.389999,8000
2008-01-16,23.23,24.32,23.23,23.59,29700
2008-01-17,23.629999,24.08,22.33,22.9,26900
2008-01-18,22.76,22.9,21.889999,22.370001,45600
2008-01-22,22.379999,24.5,21.35,23.629999,20400
2008-01-23,22.200001,24.09,22.190001,23.450001,39000
2008-01-24,23.35,23.84,22.75,22.879999,20800
2008-01-25,24.49,24.49,22.6,22.969999,30500
2008-01-28,22.969999,23.25,22.25,23.25,35200
2008-01-29,23.440001,23.700001,22.83,23.129999,21600
2008-01-30,23.01,23.870001,23.01,23.16,23800
2008-01-31,22.889999,23.719999,22.889999,23.34,54700
2008-02-01,23.48,24.02,23.02,23.799999,14900
2008-02-04,23.98,24.18,23.129999,23.309999,45400
2008-02-05,22.84,23.48,22.84,23.030001,33000
2008-02-06,23.26,23.719999,23.15,23.51,29000
2008-02-07,23.469999,24.5,23.4,24.129999,32000
2008-02-08,23.4,24.25,23.25,23.25,15100
2008-02-11,23.309999,24.030001,23.27,23.66,24900
2008-02-12,23.75,24.129999,23.24,23.620001,19200
2008-02-13,23.9,24.379999,23.49,24.35,10600
2008-02-14,23.790001,24.139999,23.25,23.5,18100
2008-02-15,23.389999,24.059999,23.35,23.690001,23900
2008-02-19,23.98,24.190001,23.620001,23.799999,61500
2008-02-20,23.68,24.280001,23.25,23.75,44700
2008-02-21,23.93,24.09,23.25,23.41,18200
2008-02-22,23.51,24,23.15,23.73,34300
2008-02-25,23.059999,24.17,23.059999,23.709999,31300
2008-02-26,23.6,23.98,23.58,23.67,18500
2008-02-27,23.16,23.85,23.15,23.440001,35800
2008-02-28,23.299999,23.5,22.4,23.01,22800
2008-02-29,23,23.6,22.370001,22.370001,67800
2008-03-03,22.42,23.42,22.4,22.84,25500
2008-03-04,22.82,23.01,22.629999,22.92,41200
2008-03-05,23,23.33,22.190001,22.549999,39300
2008-03-06,22.48,22.709999,21.049999,21.26,36600
2008-03-07,20.99,21.84,20.1,20.65,52100
2008-03-10,20.77,20.85,20.35,20.360001,28100
2008-03-11,20.98,21.02,19.610001,20.700001,81500
2008-03-12,20.77,20.99,20.35,20.389999,24300
2008-03-13,20.120001,20.68,20.059999,20.540001,12500
2008-03-14,20.76,20.76,19.450001,19.84,10800
2008-03-17,19.98,19.98,18,18.43,27700
2008-03-18,18.91,20.49,18.25,20.26,25700
2008-03-19,20.450001,21.030001,19.969999,20.18,16900
2008-03-20,24,24,21.389999,23.959999,88100
2008-03-24,24.1,24.5,24.08,24.5,10600
2008-03-25,24.07,24.360001,23.280001,24,18000
2008-03-26,24,24,23.34,23.809999,11100
2008-03-27,23.809999,24.309999,23.059999,23.92,30600
2008-03-28,24,24.309999,23.02,23.02,12300
2008-03-31,22.959999,24.129999,21.559999,21.610001,17700
2008-04-01,21.950001,23.34,21.809999,22.82,22500
2008-04-02,23,23.1,21.42,21.93,9900
2008-04-03,21.75,22.73,21.389999,21.950001,19100
2008-04-04,22.01,22.68,20.43,20.639999,21000
2008-04-07,20.49,20.549999,20.209999,20.32,9400
2008-04-08,20.120001,20.58,19.76,20.58,13000
2008-04-09,20.24,20.65,19.43,19.43,12200
2008-04-10,19.35,19.58,19.18,19.35,9100
2008-04-11,19.059999,19.49,18.620001,18.620001,10000
2008-04-14,18.620001,18.690001,18.5,18.5,10300
2008-04-15,18.5,19.5,18.5,19.5,12200
2008-04-16,19.299999,21.139999,19.190001,21.1,21400
2008-04-17,21.049999,21.1,20.51,20.76,8700
2008-04-18,21.34,21.5,20.25,20.360001,23000
2008-04-21,20.25,20.889999,19.07,19.32,10900
2008-04-22,21.48,21.48,19.1,19.860001,20400
2008-04-23,19.98,22.110001,19.84,20.57,11000
2008-04-24,20.540001,22.15,20.540001,21.33,11400
2008-04-25,21.99,22.780001,21.870001,22.35,24000
2008-04-28,22.280001,22.92,21.83,22.690001,19700
2008-04-29,22.040001,22.85,21.6,22.57,9500
2008-04-30,22.690001,23.049999,21.610001,21.610001,11400
2008-05-01,21.25,23.639999,21.190001,23.639999,14700
2008-05-02,24,24,21.01,21.58,16100
2008-05-05,21.84,23.75,21.07,21.07,22800
2008-05-06,21.040001,24,21.040001,22.950001,39300
2008-05-07,21.66,23.57,20.42,20.66,24000
2008-05-08,20.83,21.59,20.309999,20.9,28400
2008-05-09,20.84,21.84,20.549999,21.440001,15800
2008-05-12,21.549999,22.950001,21.549999,22.33,12400
2008-05-13,22.639999,22.940001,21.360001,21.809999,13100
2008-05-14,22.110001,22.67,22.030001,22.540001,12100
2008-05-15,22.25,22.59,21.27,22.110001,25800
2008-05-16,22.629999,23,20.77,21.23,28100
2008-05-19,20.98,22.139999,20.6,21.950001,34200
2008-05-20,21.889999,21.889999,20.6,21.459999,14100
2008-05-21,21.68,22.190001,20.6,21.209999,59800
2008-05-22,21.59,22.35,21.42,21.73,7100
2008-05-23,21.5,22.07,20.799999,21.02,12100
2008-05-27,21.43,22.09,20.870001,21.459999,29700
2008-05-28,21.73,21.99,21.73,21.950001,9100
2008-05-29,21.93,22.5,21.440001,22.48,16300
2008-05-30,22.450001,22.450001,21.290001,22.030001,32700
2008-06-02,21.879999,22.030001,20.610001,21.01,20000
2008-06-03,21.440001,21.73,21,21,14100
2008-06-04,21,21.959999,20.99,21.57,11600
2008-06-05,21.99,22,21.540001,21.700001,20700
2008-06-06,21.469999,22,20.379999,20.379999,14200
2008-06-09,20.67,21.049999,19.530001,19.959999,33400
2008-06-10,19.73,20.530001,19.559999,20.129999,37000
2008-06-11,19.959999,20.790001,19.799999,20.02,18900
2008-06-12,20.6,20.6,19.809999,19.959999,13200
2008-06-13,20.209999,20.6,19.459999,19.48,24000
2008-06-16,19.450001,19.450001,18.51,18.67,39300
2008-06-17,18.610001,19.5,18.51,18.530001,49700
2008-06-18,18.59,19,17.52,17.530001,33400
2008-06-19,17.530001,18.610001,17.15,17.379999,28400
2008-06-20,17.24,17.809999,16.57,16.98,71500
2008-06-23,17.59,18,16.49,16.49,22800
2008-06-24,16.5,17.969999,16.5,16.530001,25000
2008-06-25,16.639999,17.459999,16.639999,16.950001,26500
2008-06-26,17.540001,17.540001,16.530001,16.959999,47800
2008-06-27,16.66,17.24,16.540001,17.030001,200400
2008-06-30,16.940001,17.23,16.440001,16.5,28100
2008-07-01,16.49,16.83,16.129999,16.709999,32500
2008-07-02,16.639999,16.73,16.23,16.389999,42800
2008-07-03,16.360001,17.450001,16.33,16.41,11600
2008-07-07,16.57,16.99,14.73,15.42,88700
2008-07-08,15.46,15.5,13.79,14.71,96700
2008-07-09,14.47,15.28,14.47,14.76,47400
2008-07-10,14.26,14.85,14.25,14.85,35200
2008-07-11,14.29,15,14.24,14.85,57200
2008-07-14,15,15,14,14.36,27700
2008-07-15,14.15,14.68,13.92,13.99,45900
2008-07-16,14.19,14.88,13.5,14.77,46600
2008-07-17,15,15.68,14.82,15.37,25700
2008-07-18,15.47,16.360001,15.16,15.35,34800
2008-07-21,15.35,16.48,15.25,16.059999,19800
2008-07-22,15.91,20.799999,15.59,18.9,43000
2008-07-23,18.76,20,18.209999,19.200001,44400
2008-07-24,20.5,21.85,18.780001,18.99,38600
2008-07-25,19.24,19.969999,19.200001,19.74,31300
2008-07-28,19.450001,19.459999,17.549999,18.02,31600
2008-07-29,18.129999,19.93,17.85,18.74,47800
2008-07-30,18.49,18.9,18.1,18.780001,11200
2008-07-31,18.43,19.25,18.190001,18.870001,14400
2008-08-01,18,18.959999,17.9,18.6,71000
2008-08-04,18.25,18.299999,17.549999,17.67,28400
2008-08-05,17.92,18.629999,17.18,17.530001,42100
2008-08-06,17.52,17.690001,16.32,16.83,69100
2008-08-07,16.709999,16.709999,15.92,15.92,14900
2008-08-08,15.64,16.879999,15.37,16.860001,25600
2008-08-11,17.1,19,16.360001,18.73,35200
2008-08-12,18.5,18.93,18.200001,18.9,23200
2008-08-13,19.030001,19.110001,18.16,18.559999,70800
2008-08-14,18.219999,19,18.219999,18.719999,16500
2008-08-15,19.110001,19.360001,17.4,17.58,42100
2008-08-18,17.59,17.700001,16.709999,17.129999,15700
2008-08-19,16.700001,17.16,16.65,16.780001,17500
2008-08-20,16.83,17.370001,16.57,16.77,5300
2008-08-21,16.5,17.629999,15.82,15.89,28800
2008-08-22,15.81,16.25,15.76,15.83,34400
2008-08-25,15.99,16.389999,15.17,15.33,13000
2008-08-26,15.37,15.85,15.09,15.6,7700
2008-08-27,15.53,16.27,15.53,15.99,9000
2008-08-28,15.67,16.41,15.65,15.99,7800
2008-08-29,15.98,15.99,15.63,15.8,11700
2008-09-02,16.280001,16.280001,15.57,15.69,6900
2008-09-03,15.88,15.88,15.46,15.75,35700
2008-09-04,15.6,16.049999,15.6,15.8,86400
2008-09-05,15.94,16.209999,15.77,16.209999,26800
2008-09-08,16.52,16.52,15.9,16.139999,49800
2008-09-09,16.16,16.49,16,16,12200
2008-09-10,16.33,16.709999,16,16.25,21600
2008-09-11,16.200001,16.290001,16.120001,16.219999,24300
2008-09-12,16.23,16.25,16.049999,16.17,9500
2008-09-15,16.040001,16.209999,16,16,28700
2008-09-16,15.76,16.450001,15.76,16.450001,50600
2008-09-17,16.040001,16.18,15.5,15.58,19600
2008-09-18,15.93,19.99,15.32,19.99,46700
2008-09-19,21.959999,23.110001,19.92,23.110001,130200
2008-09-22,22.59,24,21.1,22.34,23500
2008-09-23,21.780001,22,20.469999,21.66,36400
2008-09-24,20.610001,22,20.280001,20.389999,5400
2008-09-25,21.870001,21.9,20.67,20.870001,19200
2008-09-26,20.98,21,20.09,20.940001,8400
2008-09-29,20.23,22,19.66,19.66,16200
2008-09-30,22,22.68,20.49,20.860001,13300
2008-10-01,21.209999,21.629999,19.84,20.65,10600
2008-10-02,20.610001,21.1,19.92,20.190001,44600
2008-10-03,20.17,21.549999,19.620001,19.620001,5200
2008-10-06,19.370001,22,19,21.92,13100
2008-10-07,20.139999,21.58,18.889999,19.73,14300
2008-10-08,18.82,23.049999,18.66,21.719999,13300
2008-10-09,21.709999,21.709999,14.75,14.96,52600
2008-10-10,14.99,16.85,14,16.620001,34700
2008-10-13,17.209999,21.18,16.5,21.18,35600
2008-10-14,22.6,22.74,20.67,21.58,22800
2008-10-15,20.959999,22.790001,20.51,20.58,11700
2008-10-16,20.5,23.190001,20.5,22.57,27100
2008-10-17,21.99,24.5,21.51,23.35,36600
2008-10-20,24,24,21.4,22.040001,33500
2008-10-21,22.469999,22.469999,19.41,19.73,17800
2008-10-22,19.459999,21.030001,19,19.15,18800
2008-10-23,19.209999,19.77,18.68,18.75,9800
2008-10-24,18.01,18.879999,18,18.24,12100
2008-10-27,18.129999,22.459999,18.129999,19.75,14500
2008-10-28,20.549999,21.219999,18.870001,20.41,16900
2008-10-29,20.379999,21.219999,19.42,20.719999,16500
2008-10-30,21.1,22.959999,19.82,19.969999,25000
2008-10-31,20.790001,21.049999,19.34,19.959999,28100
2008-11-03,19.83,21.389999,19.4,19.99,19500
2008-11-04,19.9,21.24,19,21.139999,10700
2008-11-05,20.76,21.24,19.209999,19.83,8800
2008-11-06,20.139999,20.67,19.08,20.200001,8200
2008-11-07,20.41,20.549999,19.290001,19.77,8100
2008-11-10,20.139999,20.450001,19.52,20.139999,14200
2008-11-11,19.85,20.5,19.709999,20.01,18400
2008-11-12,19.549999,19.67,17.83,17.83,8400
2008-11-13,18.059999,20.09,17.450001,19.59,11700
2008-11-14,18.26,19.280001,17.809999,17.85,7400
2008-11-17,17.75,18.790001,17.75,18.67,4600
2008-11-18,18.059999,18.610001,17.58,18.209999,7400
2008-11-19,17.51,17.98,16.610001,16.610001,11800
2008-11-20,16.25,17.6,14.84,14.84,15200
2008-11-21,15.55,16,14.05,14.31,19600
2008-11-24,15.02,16.389999,14.12,16.389999,15100
2008-11-25,16.870001,18.280001,16.07,18.280001,9600
2008-11-26,17.74,20,17.15,20,15800
2008-11-28,19.709999,20.16,19.43,20.16,1900
2008-12-01,19.34,20,16.82,16.82,15300
2008-12-02,17.4,17.440001,16.25,17.440001,15400
2008-12-03,16.75,20,16.690001,19.709999,7200
2008-12-04,19.24,20,18.040001,18.040001,9700
2008-12-05,17.620001,20.209999,16.889999,19.98,12300
2008-12-08,20.5,21.49,19.280001,21.49,37300
2008-12-09,21.120001,21.5,19.540001,21.360001,10700
2008-12-10,21.5,21.9,20.280001,21.799999,11100
2008-12-11,21.32,21.620001,19.870001,19.870001,14200
2008-12-12,19.299999,21.879999,18.549999,21.43,25200
2008-12-15,21.5,21.98,19.92,20.370001,4100
2008-12-16,20.879999,21.950001,19.57,21.6,27200
2008-12-17,21.209999,21.950001,21.139999,21.530001,15900
2008-12-18,21.43,21.959999,19.99,20.49,19800
2008-12-19,21.360001,21.360001,20.110001,20.559999,38400
2008-12-22,20.559999,21.780001,19.700001,21.780001,16100
2008-12-23,21.58,21.709999,20.030001,21.6,10300
2008-12-24,21.549999,21.93,20.459999,21.49,6700
2008-12-26,21.65,21.9,21.059999,21.889999,8500
2008-12-29,21.870001,21.870001,21.08,21.34,4200
2008-12-30,21.74,21.9,20.629999,20.959999,10800
2008-12-31,20.91,21.700001,20.719999,21,33900
2009-01-02,21,21.610001,20.6,21,15900
2009-01-05,21.280001,21.35,20.84,21,8000
2009-01-06,21,21.280001,20.790001,20.98,9300
2009-01-07,20.6,20.6,19.049999,19.52,17000
2009-01-08,19.73,20.120001,19.35,20.120001,17300
2009-01-09,20,20,18.98,18.98,13300
2009-01-12,19.59,19.67,17.77,17.809999,21700
2009-01-13,17.65,18.639999,17.51,18.639999,12300
2009-01-14,18.030001,18.629999,16.75,16.75,29400
2009-01-15,16.790001,17.200001,16.440001,17.200001,12300
2009-01-16,17.129999,18.040001,16.65,17.25,33300
2009-01-20,16.889999,17.290001,15.22,15.23,19600
2009-01-21,15.53,16.129999,15,16.129999,11800
2009-01-22,15.73,16.139999,15.07,15.08,5000
2009-01-23,15.01,15.06,14.04,15.06,8300
2009-01-26,14.64,15.61,13.63,14.01,20800
2009-01-27,14,14.25,12.85,13.02,31800
2009-01-28,14,14.03,13.61,13.82,10900
2009-01-29,13.55,13.62,13.21,13.21,6700
2009-01-30,13,13,12.25,12.25,22200
2009-02-02,12,13,12,12.94,8100
2009-02-03,13.04,13.04,12.06,12.71,16800
2009-02-04,12.75,13.02,12.33,12.42,12000
2009-02-05,12.26,13,12.26,12.79,12000
2009-02-06,12.73,12.95,12.73,12.94,10300
2009-02-09,12.95,13,12.81,12.91,7000
2009-02-10,12.8,12.86,11.49,11.53,14700
2009-02-11,11.57,11.78,11.16,11.25,16200
2009-02-12,11.07,11.63,11.01,11.29,12600
2009-02-13,11.36,11.99,10.5,10.72,29100
2009-02-17,10.5,10.64,10,10.11,19800
2009-02-18,10.26,10.26,9.56,9.76,31100
2009-02-19,9.94,9.94,9.39,9.39,15700
2009-02-20,9.63,9.71,8.26,8.5,34200
2009-02-23,8.64,8.85,7.18,7.18,19600
2009-02-24,7.32,7.56,6.9,7.25,83200
2009-02-25,7.2,7.3,6.75,6.77,33900
2009-02-26,6.97,7.05,6.2,6.49,131700
2009-02-27,6.34,6.47,6.1,6.33,39300
2009-03-02,6.25,6.41,6.1,6.1,48000
2009-03-03,6.22,7.35,6.22,6.66,33800
2009-03-04,6.8,7.53,6.72,7.08,81300
2009-03-05,7.02,7.68,6.61,7.03,51900
2009-03-06,7.12,7.66,7.07,7.66,16100
2009-03-09,7.4,8.18,7.4,7.69,12600
2009-03-10,7.9,8.51,7.9,8.51,26000
2009-03-11,8.56,9.19,8.56,8.89,39700
2009-03-12,9.07,9.99,9,9.98,78200
2009-03-13,10,10.38,9.5,9.58,38200
2009-03-16,9.53,9.8,8.58,8.79,33400
2009-03-17,8.76,9.69,8.3,9.46,32500
2009-03-18,9.45,9.92,8.9,9.51,43000
2009-03-19,9.69,9.99,9.2,9.48,18400
2009-03-20,9.55,9.72,9.34,9.4,47200
2009-03-23,9.77,10.82,9.5,10.53,35800
2009-03-24,10.42,11.26,9.93,10.49,36800
2009-03-25,11.49,11.53,10.7,10.74,30300
2009-03-26,11,12,10.62,11.64,20100
2009-03-27,11.32,11.69,10.86,10.89,9700
2009-03-30,10.49,10.49,9.55,9.59,17400
2009-03-31,9.74,10.06,9.11,9.73,15500
2009-04-01,9.45,10.11,9.39,9.78,17600
2009-04-02,9.99,11.81,9.99,11.75,25600
2009-04-03,11.71,13.23,10.72,12.87,18900
2009-04-06,12.98,12.98,11.61,11.78,16900
2009-04-07,11.59,11.76,11.28,11.28,6200
2009-04-08,11.22,11.76,10.89,11.02,20100
2009-04-09,11.31,11.87,11.11,11.73,17500
2009-04-13,11.5,12.11,11.4,12.11,9900
2009-04-14,11.82,12.01,11.58,11.69,9600
2009-04-15,11.7,12.3,11.7,12.3,5700
2009-04-16,12.05,12.49,11.78,11.99,35300
2009-04-17,12.17,13.17,11.09,12.23,22900
2009-04-20,11.83,11.96,11.11,11.11,8000
2009-04-21,10.31,12.75,10.02,12.75,12900
2009-04-22,12.37,12.37,11.84,11.87,22800
2009-04-23,11.92,12.41,11.92,12.12,10000
2009-04-24,12.32,12.6,12.06,12.24,15400
2009-04-27,11.95,11.95,11.67,11.81,9500
2009-04-28,11.62,11.99,11.52,11.82,6900
2009-04-29,11.92,12.75,11.55,12.75,45200
2009-04-30,12.69,13.72,11.94,12.01,25900
2009-05-01,11.99,13.23,11.81,11.99,10700
2009-05-04,11.8,12.9,11.71,12.9,11300
2009-05-05,12.76,12.76,11.63,11.89,35800
2009-05-06,12.09,12.85,11.8,12.33,13000
2009-05-07,12.45,13.2,12.45,12.94,31600
2009-05-08,13.17,13.17,12.51,13,15900
2009-05-11,13.12,13.12,12.25,12.86,16100
2009-05-12,12.93,12.96,12.45,12.85,15500
2009-05-13,12.57,12.73,12.33,12.56,13800
2009-05-14,12.58,12.99,12.58,12.88,9500
2009-05-15,12.87,13.25,12.45,12.85,14900
2009-05-18,12.8,13.59,12.74,13.59,13900
2009-05-19,13.23,13.26,12.65,13.2,28200
2009-05-20,13.57,13.65,13.25,13.55,16100
2009-05-21,13.36,13.68,13.25,13.62,8500
2009-05-22,13.2,13.67,13.04,13.5,70600
2009-05-26,13.39,15.26,13.29,15.26,16900
2009-05-27,15.14,15.14,13.5,13.5,34700
2009-05-28,13.68,14.45,13.5,13.63,13000
2009-05-29,13.75,14.81,13.5,14.48,55000
2009-06-01,14.23,14.91,13.43,14.91,17900
2009-06-02,14.77,15,14.04,14.98,13800
2009-06-03,14.86,14.86,14.25,14.84,4900
2009-06-04,14.91,14.91,14.02,14.42,17000
2009-06-05,14.55,14.8,14.2,14.29,5300
2009-06-08,14.5,14.5,14.14,14.14,6900
2009-06-09,14.2,14.24,13.74,13.74,6200
2009-06-10,13.93,14.16,13.45,13.61,33100
2009-06-11,13.7,14.24,13.36,13.83,13500
2009-06-12,13.67,13.97,13.37,13.77,13300
2009-06-15,13.62,13.93,13.48,13.55,15500
2009-06-16,13.77,14.13,13.15,13.27,20000
2009-06-17,13.3,14.45,13.26,14.34,8800
2009-06-18,14.24,14.79,13.2,13.45,45000
2009-06-19,13.66,14.48,13.42,13.66,36700
2009-06-22,13.6,13.98,13.21,13.26,9800
2009-06-23,13.2,13.9,13.01,13.18,7800
2009-06-24,13.3,13.7,12.72,12.73,16500
2009-06-25,12.69,13.77,12.52,13.66,11300
2009-06-26,13.58,14.71,12.98,14.71,72000
2009-06-29,14.6,15,13.02,13.02,22300
2009-06-30,13.1,14.25,12.63,12.63,18900
2009-07-01,12.82,13.33,12.51,13.22,28000
2009-07-02,12.97,13.36,12.5,12.65,11900
2009-07-06,12.62,13.26,12.51,12.63,12300
2009-07-07,12.68,13.7,12.53,12.64,15300
2009-07-08,12.78,13.45,12.07,12.87,44500
2009-07-09,13.22,13.49,12.5,12.76,24500
2009-07-10,12.54,12.54,12.35,12.52,2300
2009-07-13,12.95,12.95,12.76,12.82,9300
2009-07-14,13.21,13.25,12.54,13.25,9700
2009-07-15,13,13,12.21,12.63,24800
2009-07-16,12.71,12.95,12.51,12.76,5200
2009-07-17,12.79,12.88,12.01,12.06,11500
2009-07-20,12.18,12.8,11.55,12.09,102300
2009-07-21,12,12,11.9,12,2300
2009-07-22,12,12.03,11.62,11.98,7500
2009-07-23,11.91,12,11.83,11.9,17300
2009-07-24,11.9,12,11.83,11.9,12900
2009-07-27,11.92,12.1,11.85,12.08,46200
2009-07-28,12,12.2,12,12.12,13400
2009-07-29,12.15,12.5,12.15,12.27,3600
2009-07-30,12.52,13.54,12.52,13.32,8900
2009-07-31,13.21,13.87,12.95,13.87,11400
2009-08-03,13.42,13.86,13.32,13.74,10700
2009-08-04,13.53,13.78,13.41,13.53,16600
2009-08-05,13.47,13.61,12.74,12.74,30300
2009-08-06,12.83,12.89,12.53,12.53,8500
2009-08-07,12.83,14,12.82,13.79,21600
2009-08-10,13.63,13.93,12.71,13.8,5900
2009-08-11,13.62,13.62,13.11,13.42,5300
2009-08-12,13.19,14.03,13.19,14.03,11600
2009-08-13,14.09,14.21,13.3,13.4,4400
2009-08-14,13.67,13.97,12.75,12.77,18800
2009-08-17,12.52,13.11,12.52,12.73,8900
2009-08-18,12.79,13.76,12.79,13.53,6500
2009-08-19,12.87,13.91,12.86,13.54,8900
2009-08-20,13.54,13.63,13.01,13.55,15000
2009-08-21,13.8,13.95,12.76,13.47,31200
2009-08-24,13.47,13.47,13.15,13.33,2600
2009-08-25,13.42,13.57,12.99,13.21,5500
2009-08-26,13.12,13.21,13,13.11,8900
2009-08-27,13.1,13.68,12.82,13.44,14900
2009-08-28,13.44,13.44,13.11,13.13,9800
2009-08-31,13.01,13.83,12.75,12.78,15200
2009-09-01,12.75,13.81,12.52,12.87,33700
2009-09-02,12.97,13.35,12.55,12.89,12400
2009-09-03,12.93,13.38,12.56,12.58,10800
2009-09-04,12.62,13.16,12.57,12.65,7600
2009-09-08,12.83,13,12.53,12.7,17900
2009-09-09,12.96,13.08,12.67,12.77,9500
2009-09-10,12.86,12.86,12.54,12.69,8100
2009-09-11,12.68,13.36,12.57,13.3,46300
2009-09-14,13.47,13.47,12.69,13.07,96500
2009-09-15,13.01,13.35,12.96,13.06,27300
2009-09-16,13.12,13.28,13.06,13.09,26000
2009-09-17,13.11,13.25,12.95,12.95,12700
2009-09-18,13.05,13.26,13.03,13.11,24000
2009-09-21,12.99,13.21,12.85,13.01,11900
2009-09-22,13.01,13.1,12.52,12.61,11700
2009-09-23,12.6,12.8,12.5,12.5,2900
2009-09-24,12.18,12.53,12.1,12.5,16100
2009-09-25,12.41,13.06,12.35,12.73,16100
2009-09-28,12.86,12.97,12.51,12.72,8300
2009-09-29,12.77,12.92,12.6,12.65,3500
2009-09-30,12.52,12.52,12.01,12.01,43200
2009-10-01,12.1,12.34,12.1,12.12,13700
2009-10-02,12.1,12.7,12.06,12.25,6000
2009-10-05,12.28,12.65,12.27,12.39,7800
2009-10-06,12.52,12.64,12.03,12.2,15300
2009-10-07,12.11,12.2,11.85,11.95,9100
2009-10-08,12.03,12.03,11.64,11.64,6000
2009-10-09,11.67,11.97,11.53,11.94,4800
2009-10-12,11.84,11.88,11.5,11.53,8200
2009-10-13,11.51,11.51,10.5,10.62,39100
2009-10-14,10.73,11.12,10.58,10.73,32100
2009-10-15,10.67,10.78,10.45,10.52,13000
2009-10-16,10.45,10.63,10.45,10.51,12800
2009-10-19,10.65,11.15,10.54,10.98,32200
2009-10-20,11.24,12.52,11.02,11.68,75000
2009-10-21,11.86,11.89,11.01,11.11,57800
2009-10-22,11.09,11.4,9.76,9.93,50100
2009-10-23,10.66,10.66,9.59,9.92,63900
2009-10-26,10.06,10.24,9.83,9.84,26400
2009-10-27,9.96,10,9.39,9.47,17700
2009-10-28,9.5,9.72,9.17,9.17,23600
2009-10-29,9.27,9.77,9.27,9.52,45300
2009-10-30,9.28,9.54,8.73,8.73,160500
2009-11-02,8.78,9.43,8.64,8.9,50900
2009-11-03,8.86,8.86,8.15,8.22,42000
2009-11-04,8.3,8.5,7.82,7.82,22100
2009-11-05,7.81,8.17,7.76,7.88,31600
2009-11-06,7.79,7.83,7.38,7.5,25700
2009-11-09,7.57,7.7,7.43,7.67,18700
2009-11-10,7.67,8.25,7.4,7.88,56100
2009-11-11,7.96,8.09,7.55,7.56,18900
2009-11-12,7.56,8.15,7.5,7.5,38000
2009-11-13,7.51,7.77,7.51,7.62,34700
2009-11-16,7.73,8.1,7.66,7.89,32600
2009-11-17,7.87,7.92,7.76,7.91,6100
2009-11-18,7.77,7.84,7.71,7.71,10200
2009-11-19,7.76,7.94,7.46,7.46,36900
2009-11-20,7.4,7.5,7.05,7.36,48400
2009-11-23,7.5,7.5,7.29,7.34,11000
2009-11-24,7.37,7.65,7.26,7.43,14900
2009-11-25,7.45,7.81,7.34,7.43,13800
2009-11-27,7.17,7.65,7,7.3,19600
2009-11-30,7.32,7.6,7.3,7.44,17400
2009-12-01,7.54,7.76,7.44,7.54,17400
2009-12-02,7.54,7.68,7.36,7.57,35400
2009-12-03,7.58,7.77,7.52,7.66,35200
2009-12-04,7.83,7.94,7.65,7.77,43600
2009-12-07,7.74,7.79,7.65,7.74,17100
2009-12-08,7.7,7.85,7.63,7.66,16900
2009-12-09,7.68,7.79,7.66,7.7,17900
2009-12-10,7.7,7.87,7.56,7.68,25600
2009-12-11,7.74,7.89,7.65,7.7,16200
2009-12-14,7.58,7.75,7.55,7.73,25700
2009-12-15,7.65,7.73,7.56,7.56,33600
2009-12-16,7.61,7.85,7.47,7.48,34200
2009-12-17,7.45,7.63,7.45,7.49,29300
2009-12-18,7.53,7.72,7.3,7.3,82500
2009-12-21,7.37,7.65,7.31,7.39,43800
2009-12-22,7.3,7.6,7.3,7.35,25400
2009-12-23,7.42,8.23,7.42,7.58,28300
2009-12-24,7.65,7.97,7.4,7.41,14000
2009-12-28,7.46,7.71,7.28,7.31,35700
2009-12-29,7.3,7.74,7.3,7.5,25600
2009-12-30,7.45,7.64,7.3,7.49,19300
2009-12-31,7.5,7.82,7.5,7.63,22400
2010-01-04,7.7,7.9,7.56,7.66,18500
2010-01-05,7.66,7.89,7.46,7.46,18400
2010-01-06,7.48,7.67,7.18,7.22,44400
2010-01-07,7.23,7.58,7.23,7.53,23700
2010-01-08,7.47,8.14,7.47,7.89,24500
2010-01-11,7.92,8.57,7.92,8.49,41400
2010-01-12,8.5,8.9,8.45,8.68,32700
2010-01-13,8.71,9.24,8.67,8.83,71400
2010-01-14,8.82,9.04,8.72,8.97,13400
2010-01-15,9.04,9.09,8.89,9.01,41300
2010-01-19,9,9.72,9,9.71,19600
2010-01-20,9.59,9.86,9.59,9.79,27500
2010-01-21,9.87,9.87,9.76,9.78,34000
2010-01-22,9.78,10,9.74,9.92,95500
2010-01-25,10,10.5,9.87,10.22,33200
2010-01-26,10.23,10.68,10,10.44,124100
2010-01-27,10.39,10.5,10.15,10.15,43100
2010-01-28,10.16,10.35,10.16,10.2,20400
2010-01-29,10.29,10.3,10.16,10.22,63700
2010-02-01,10.27,10.56,10.2,10.3,47500
2010-02-02,10.28,10.4,10.25,10.27,39400
2010-02-03,10.27,10.43,10.25,10.25,17500
2010-02-04,10.19,10.33,10.16,10.16,29700
2010-02-05,10.16,10.52,9.91,10.05,51100
2010-02-08,10.05,10.05,9.89,9.96,33700
2010-02-09,10.1,10.1,9.9,9.99,21100
2010-02-10,9.97,10.18,9.9,9.99,15800
2010-02-11,9.94,10,9.9,9.99,12800
2010-02-12,9.88,10.06,9.88,10.06,27400
2010-02-16,10.1,10.1,9.8,10.08,8600
2010-02-17,10.1,10.1,9.95,9.98,12900
2010-02-18,10,10,9.81,10,13700
2010-02-19,10,10.2,10,10.14,22900
2010-02-22,10.19,10.19,10.08,10.14,13100
2010-02-23,10.12,10.15,10.05,10.06,8400
2010-02-24,10.13,10.15,10.07,10.15,12800
2010-02-25,10.03,10.15,10.01,10.13,11300
2010-02-26,10.15,10.5,10.03,10.35,47700
2010-03-01,10.38,10.54,10.36,10.5,16600
2010-03-02,10.5,10.63,10.45,10.62,16600
2010-03-03,10.65,10.75,10.64,10.67,7600
2010-03-04,10.71,10.75,10.67,10.73,7500
2010-03-05,10.75,10.9,10.7,10.86,20500
2010-03-08,10.89,10.9,10.71,10.84,19100
2010-03-09,10.89,11.7,10.82,11.7,24600
2010-03-10,11.64,12.3,11.48,12.24,22800
2010-03-11,12.12,12.12,11.6,11.77,52600
2010-03-12,11.85,12.18,11.76,11.85,10000
2010-03-15,11.84,11.9,11.47,11.64,17200
2010-03-16,11.61,11.87,11.02,11.81,8100
2010-03-17,11.71,11.93,11.59,11.8,6400
2010-03-18,11.84,12,11.6,11.82,10400
2010-03-19,11.9,12.14,11.51,12.09,48500
2010-03-22,12.01,12.41,11.74,12.37,14500
2010-03-23,12.36,12.92,12.17,12.63,21900
2010-03-24,12.5,12.95,12.5,12.87,16800
2010-03-25,12.93,13.73,12.93,13.12,36900
2010-03-26,13.05,13.39,12.49,12.5,30800
2010-03-29,12.51,13.46,12.36,12.98,35100
2010-03-30,13.04,13.46,12.83,13.35,62000
2010-03-31,13.27,13.27,12.76,12.89,56800
2010-04-01,12.96,13.01,12.5,12.64,10000
2010-04-05,12.65,12.75,12.54,12.75,7300
2010-04-06,12.71,12.98,12.71,12.98,6500
2010-04-07,12.93,13.37,12.93,13.25,33300
2010-04-08,13.19,13.65,13,13.37,18000
2010-04-09,13.4,13.41,13,13.14,14300
2010-04-12,13.14,13.57,13.11,13.52,18000
2010-04-13,13.5,13.64,13.32,13.42,21300
2010-04-14,13.46,14.12,13.46,14.12,22100
2010-04-15,14.03,14.06,13.85,14.03,12200
2010-04-16,14.03,14.03,13.73,13.76,21400
2010-04-19,13.75,13.76,13.47,13.53,56000
2010-04-20,13.58,13.59,13.47,13.54,31800
2010-04-21,13.58,13.72,13.49,13.7,19100
2010-04-22,13.56,13.87,13.56,13.67,12900
2010-04-23,13.53,13.81,13.53,13.7,21200
2010-04-26,13.64,13.79,13.5,13.55,9400
2010-04-27,13.46,13.75,13.02,13.25,37400
2010-04-28,13.2,13.49,13.2,13.31,21100
2010-04-29,13.37,13.55,13.17,13.41,46900
2010-04-30,13.11,13.27,12.48,12.48,59700
2010-05-03,12.5,13.08,12.5,13.02,19000
2010-05-04,12.85,12.85,12.3,12.4,32200
2010-05-05,12.47,12.48,12.35,12.4,17200
2010-05-06,12.36,13.25,12.36,12.4,29500
2010-05-07,12.36,12.38,11.82,12.04,20400
2010-05-10,12.38,12.84,12.13,12.84,23600
2010-05-11,12.73,12.95,12.57,12.9,19500
2010-05-12,12.5,14.01,12.5,13.7,40900
2010-05-13,13.62,13.78,13.23,13.67,21100
2010-05-14,13.56,13.56,13.18,13.44,16500
2010-05-17,13.57,13.71,13.21,13.61,12400
2010-05-18,13.75,13.75,13.05,13.07,13900
2010-05-19,13.07,13.21,12.63,12.78,20900
2010-05-20,12.52,12.74,12.11,12.13,18700
2010-05-21,12.11,12.5,12.05,12.16,28400
2010-05-24,12.15,12.96,12.15,12.35,13000
2010-05-25,12.01,12.29,11.95,12.15,24900
2010-05-26,12.23,12.24,12,12.08,11000
2010-05-27,12.32,12.56,12.04,12.44,28100
2010-05-28,12.45,12.75,12.32,12.38,28100
2010-06-01,12.1,12.57,11.94,11.94,24000
2010-06-02,12.05,12.24,11.69,12.24,31500
2010-06-03,12.17,12.57,11.93,12.36,13900
2010-06-04,12.05,12.56,11.76,11.93,54000
2010-06-07,12,12.48,11.81,11.93,36600
2010-06-08,12.01,12.36,11.73,11.91,19000
2010-06-09,11.94,12.19,11.54,11.6,76600
2010-06-10,11.79,11.95,11.52,11.81,38100
2010-06-11,11.7,11.99,11.6,11.86,38500
2010-06-14,11.99,12.15,11.66,11.77,79000
2010-06-15,11.85,12.03,11.65,12.02,34400
2010-06-16,11.93,12.32,11.93,12,8100
2010-06-17,12.13,12.23,11.96,11.97,6900
2010-06-18,12.06,12.44,12.04,12.34,41900
2010-06-21,12.44,12.45,12.07,12.19,10900
2010-06-22,12.21,12.21,11.87,11.94,17600
2010-06-23,11.91,12,11.71,11.96,9900
2010-06-24,11.86,11.86,11.5,11.51,20900
2010-06-25,11.59,12.39,11.51,12.38,188600
2010-06-28,12.25,12.45,11.9,12.32,52500
2010-06-29,12.13,12.28,11.68,11.73,26600
2010-06-30,11.85,12.02,11.49,11.5,20900
2010-07-01,11.55,11.55,11.15,11.31,21100
2010-07-02,11.41,11.53,11.01,11.13,18700
2010-07-06,11.26,11.26,11.01,11.17,21500
2010-07-07,11.24,11.26,11.09,11.25,44500
2010-07-08,11.36,11.41,11.15,11.31,14300
2010-07-09,11.23,11.62,11.05,11.62,20600
2010-07-12,11.56,11.71,11.33,11.34,15100
2010-07-13,11.45,12,11.45,12,17300
2010-07-14,11.93,12.03,11.69,11.85,11400
2010-07-15,11.84,11.89,11.49,11.5,8200
2010-07-16,11.49,11.49,10.81,10.94,47000
2010-07-19,11.17,11.35,10.95,11.35,10400
2010-07-20,11.21,11.87,11.21,11.85,18100
2010-07-21,11.84,11.84,11.13,11.14,19800
2010-07-22,11.3,11.7,11.21,11.68,30400
2010-07-23,11.6,12.15,11.43,12.14,25500
2010-07-26,12.2,12.4,11.89,12.36,24400
2010-07-27,12.4,12.4,12.21,12.28,13900
2010-07-28,12.22,12.24,11.85,11.97,35400
2010-07-29,12.11,12.16,11.65,12.08,23600
2010-07-30,11.91,12.16,11.76,11.85,21700
2010-08-02,11.99,12.18,11.78,11.96,60900
2010-08-03,11.88,12.01,11.83,12,28800
2010-08-04,12.01,12.18,11.93,12.15,10000
2010-08-05,12.07,12.07,11.75,11.77,13100
2010-08-06,11.67,11.81,11.27,11.54,21600
2010-08-09,11.64,11.9,11.29,11.86,12500
2010-08-10,11.72,11.93,11.55,11.65,25200
2010-08-11,11.49,11.6,11.28,11.53,69600
2010-08-12,11.35,11.59,11.35,11.51,45400
2010-08-13,11.51,11.54,11.43,11.51,35900
2010-08-16,11.43,11.74,11.43,11.61,9800
2010-08-17,11.74,11.74,11.55,11.66,12900
2010-08-18,11.7,11.71,11.56,11.61,6900
2010-08-19,11.54,11.54,11.16,11.35,28700
2010-08-20,11.28,11.47,11.21,11.43,29700
2010-08-23,11.34,11.66,11.18,11.18,25900
2010-08-24,11.09,11.43,11.05,11.35,27600
2010-08-25,11.32,11.59,11.21,11.59,12500
2010-08-26,11.64,11.64,11.28,11.28,4200
2010-08-27,11.41,11.88,11.28,11.86,23500
2010-08-30,11.78,11.78,11.02,11.35,20900
2010-08-31,11.27,11.58,11.27,11.52,14300
2010-09-01,11.68,12.25,11.68,12.1,33900
2010-09-02,12.01,12.13,11.42,11.78,14900
2010-09-03,11.57,12.25,11.44,12.21,26400
2010-09-07,12.18,12.18,11.57,11.69,13400
2010-09-08,11.82,11.82,11.52,11.59,5800
2010-09-09,11.59,12.15,11.59,12.05,37300
2010-09-10,12.05,12.05,11.88,11.93,8100
2010-09-13,12.01,12.13,11.9,12.08,46900
2010-09-14,12.09,12.09,11.63,12.03,34500
2010-09-15,11.96,12.12,11.86,12.12,14800
2010-09-16,12.07,12.07,11.79,12,13500
2010-09-17,12.07,12.07,11.85,11.85,40800
2010-09-20,11.93,12.18,11.85,12.18,21900
2010-09-21,12.2,12.2,11.96,11.99,18600
2010-09-22,11.98,12.1,11.65,12.04,40700
2010-09-23,11.94,12.1,11.74,12.01,41000
2010-09-24,12.14,12.25,11.96,12.22,32400
2010-09-27,12.26,12.26,12.05,12.12,2700
2010-09-28,12.18,12.35,11.96,12.27,34300
2010-09-29,12.2,12.42,12.2,12.38,22300
2010-09-30,12.46,12.5,12.01,12.35,13100
2010-10-01,12.36,12.45,12.21,12.45,6400
2010-10-04,12.42,12.42,12.2,12.2,6300
2010-10-05,12.45,12.59,12.36,12.57,17000
2010-10-06,12.7,12.74,12.5,12.65,14400
2010-10-07,12.75,12.75,12.5,12.58,13700
2010-10-08,12.58,12.88,12.37,12.84,14000
2010-10-11,12.64,12.82,12.6,12.73,4000
2010-10-12,12.61,12.74,12.56,12.62,6200
2010-10-13,12.64,13.1,12.53,12.9,25200
2010-10-14,11.74,12.03,10.81,10.96,236700
2010-10-15,11.13,11.5,10.9,10.9,62700
2010-10-18,10.96,11.25,10.91,10.99,48200
2010-10-19,10.9,11.15,10.5,10.58,46900
2010-10-20,10.66,10.84,10.55,10.8,33100
2010-10-21,10.88,11,10.35,10.65,37200
2010-10-22,10.65,10.7,10.5,10.62,9600
2010-10-25,10.7,11,10.62,10.95,20000
2010-10-26,10.86,11.14,10.83,11,36800
2010-10-27,10.93,11.03,10.86,10.97,21300
2010-10-28,10.99,11,10.87,10.95,36300
2010-10-29,10.85,11,10.35,10.41,147000
2010-11-01,10.52,10.69,10.32,10.67,131300
2010-11-02,10.8,11,10.66,10.96,34600
2010-11-03,10.95,11,10.65,11,42600
2010-11-04,11,11.1,10.73,10.98,43300
2010-11-05,10.95,11.1,10.88,10.94,30500
2010-11-08,10.88,10.99,10.65,10.81,11100
2010-11-09,10.76,10.95,10.76,10.88,16500
2010-11-10,10.91,10.91,10.33,10.74,88100
2010-11-11,10.61,10.92,10.51,10.85,16000
2010-11-12,10.72,10.83,10.45,10.45,12500
2010-11-15,10.5,10.79,10.47,10.63,8900
2010-11-16,10.58,10.61,10.36,10.49,21800
2010-11-17,10.59,10.65,10.37,10.42,11700
2010-11-18,10.5,10.53,10.36,10.42,17200
2010-11-19,10.44,10.54,10.33,10.4,24400
2010-11-22,10.33,10.4,10.1,10.26,22000
2010-11-23,10.15,10.29,10.15,10.22,11000
2010-11-24,10.29,10.4,10.17,10.4,11200
2010-11-26,10.29,10.29,10.29,10.29,200
2010-11-29,10.25,10.54,10.06,10.47,28700
2010-11-30,10.47,10.51,10.27,10.35,15900
2010-12-01,10.5,10.5,10.25,10.36,25800
2010-12-02,10.3,10.38,10.29,10.37,14100
2010-12-03,10.31,10.37,10.3,10.34,8500
2010-12-06,10.29,10.37,10.29,10.32,9300
2010-12-07,10.38,10.89,10.33,10.89,14600
2010-12-08,10.86,10.9,10.68,10.69,11400
2010-12-09,10.82,10.99,10.77,10.98,12600
2010-12-10,10.97,11,10.83,10.99,19500
2010-12-13,10.98,11.41,10.98,11.29,11600
2010-12-14,11.37,11.37,11.09,11.17,23700
2010-12-15,11.2,11.2,10.95,11.09,7300
2010-12-16,11.09,11.25,10.93,11.13,22400
2010-12-17,11,11,10.66,10.78,61600
2010-12-20,10.75,10.93,10.53,10.53,23500
2010-12-21,10.61,10.74,10.54,10.74,12500
2010-12-22,10.63,10.9,10.62,10.82,17500
2010-12-23,10.64,10.7,10.51,10.51,7800
2010-12-27,10.58,10.72,10.5,10.7,17700
2010-12-28,10.6,10.76,10.6,10.74,7500
2010-12-29,10.71,10.83,10.61,10.8,10900
2010-12-30,10.8,10.82,10.53,10.55,12100
2010-12-31,10.57,10.85,10.55,10.73,21900
2011-01-03,10.79,10.9,10.57,10.83,15700
2011-01-04,10.89,10.89,10.56,10.56,11100
2011-01-05,10.56,10.79,10.56,10.76,22100
2011-01-06,10.62,10.98,10.62,10.98,44000
2011-01-07,10.98,10.98,10.81,10.96,10700
2011-01-10,10.87,11,10.87,10.94,8500
2011-01-11,10.95,11.2,10.92,10.96,13400
2011-01-12,11,11.03,10.87,10.97,31800
2011-01-13,10.98,10.98,10.83,10.83,11100
2011-01-14,10.9,10.9,10.81,10.85,133600
2011-01-18,10.81,10.85,10.66,10.7,8700
2011-01-19,10.68,10.68,10.38,10.42,39900
2011-01-20,10.41,10.82,10.41,10.75,32100
2011-01-21,10.79,10.8,10.71,10.76,33200
2011-01-24,10.71,10.92,10.56,10.89,7500
2011-01-25,10.81,10.91,10.78,10.8,10900
2011-01-26,10.8,10.95,10.75,10.87,20100
2011-01-27,10.89,10.89,10.65,10.65,9400
2011-01-28,10.61,10.68,10.42,10.52,41600
2011-01-31,10.55,10.86,10.55,10.79,21400
2011-02-01,10.76,10.99,10.6,10.92,19700
2011-02-02,10.86,10.88,10.75,10.8,8500
2011-02-03,10.83,10.88,10.8,10.88,16200
2011-02-04,10.83,10.83,10.6,10.66,14600
2011-02-07,10.63,10.83,10.62,10.82,9800
2011-02-08,10.78,10.8,10.54,10.64,14000
2011-02-09,10.57,10.93,10.52,10.79,19500
2011-02-10,10.76,10.89,10.72,10.87,5800
2011-02-11,10.8,10.99,10.72,10.91,12700
2011-02-14,10.85,11,10.82,10.96,26200
2011-02-15,10.94,11,10.87,10.98,16500
2011-02-16,11,11,10.76,10.91,13900
2011-02-17,10.85,10.93,10.82,10.93,3500
2011-02-18,10.95,11,10.84,11,18000
2011-02-22,10.97,11,10.85,10.85,14600
2011-02-23,10.83,10.92,10.7,10.7,11100
2011-02-24,10.8,10.8,10.69,10.74,16300
2011-02-25,10.74,11.03,10.7,11,15400
2011-02-28,11.05,11.05,10.84,10.84,5400
2011-03-01,10.85,11,10.73,10.78,11200
2011-03-02,10.77,11,10.75,11,11800
2011-03-03,11.05,11.14,10.96,11.11,33300
2011-03-04,11.07,11.07,10.93,10.96,28600
2011-03-07,11.03,11.05,10.85,10.94,31300
2011-03-08,10.95,11.08,10.95,11.08,39600
2011-03-09,11.02,11.09,10.98,11.03,19300
2011-03-10,10.93,11.05,10.8,11.03,24900
2011-03-11,11.02,11.02,10.9,10.96,21300
2011-03-14,10.89,10.96,10.85,10.95,19900
2011-03-15,10.75,10.91,10.75,10.88,16300
2011-03-16,10.88,10.91,10.75,10.77,20900
2011-03-17,10.94,10.94,10.75,10.91,16400
2011-03-18,10.93,11,10.74,10.99,79100
2011-03-21,11,11.06,10.81,11.05,35800
2011-03-22,11,11.01,10.8,10.94,46300
2011-03-23,10.93,10.94,10.82,10.85,11000
2011-03-24,10.78,11,10.78,11,4900
2011-03-25,11,11.04,10.91,11,19300
2011-03-28,11,11,10.89,10.96,12900
2011-03-29,10.78,11,10.78,11,18800
2011-03-30,10.97,11.11,10.97,11.04,22200
2011-03-31,10.91,11.18,10.91,11.18,42500
2011-04-01,11.19,11.22,10.96,11.06,25000
2011-04-04,11.08,11.08,10.92,11.02,14900
2011-04-05,11.02,11.02,10.92,10.97,36700
2011-04-06,10.9,11.15,10.9,11.12,21000
2011-04-07,11.02,11.09,10.96,11.02,11800
2011-04-08,11.07,11.12,10.86,10.93,10000
2011-04-11,10.98,11.09,10.98,11.01,12400
2011-04-12,11.07,11.11,10.98,11,13300
2011-04-13,11.09,11.12,10.93,11.06,18000
2011-04-14,10.95,11.11,10.9,11.06,4700
2011-04-15,11.02,11.15,11.02,11.15,16600
2011-04-18,11.02,11.12,10.99,11.02,8500
2011-04-19,11.08,11.31,10.98,11.24,16900
2011-04-20,11.31,11.39,11.27,11.35,7300
2011-04-21,11.4,11.4,11.22,11.22,3200
2011-04-25,11.18,11.19,10.97,10.97,6900
2011-04-26,10.98,11.18,10.98,11.11,5800
2011-04-27,11.11,11.14,11.02,11.09,6700
2011-04-28,11.04,11.09,10.93,11,11000
2011-04-29,11.03,11.25,10.99,11.15,14000
2011-05-02,11.2,11.28,10.96,10.97,15000
2011-05-03,10.99,11.09,10.96,10.98,12000
2011-05-04,11,11.03,10.92,10.95,20700
2011-05-05,10.91,10.98,10.84,10.93,17200
2011-05-06,10.98,11.03,10.95,11.01,9100
2011-05-09,10.98,11.18,10.94,11.18,8200
2011-05-10,11.24,11.24,11.02,11.1,10400
2011-05-11,11.05,11.1,10.91,10.91,15100
2011-05-12,10.92,11.11,10.92,11.06,10200
2011-05-13,11.02,11.06,10.92,11,7400
2011-05-16,10.97,11.09,10.95,10.96,14900
2011-05-17,10.92,11.01,10.89,10.96,7300
2011-05-18,10.97,11.11,10.92,11.08,12800
2011-05-19,11.09,11.09,10.94,10.98,8500
2011-05-20,10.94,11.05,10.86,10.86,30700
2011-05-23,10.8,10.91,10.8,10.91,10900
2011-05-24,10.91,10.92,10.77,10.82,15200
2011-05-25,10.76,10.96,10.76,10.95,6800
2011-05-26,10.85,11.02,10.85,11.02,8400
2011-05-27,10.99,11.01,10.91,10.98,3900
2011-05-31,11,11.05,10.97,11.04,19900
2011-06-01,11.04,11.04,10.79,10.85,23000
2011-06-02,10.89,10.96,10.82,10.9,8200
2011-06-03,10.78,10.99,10.74,10.82,18000
2011-06-06,10.83,10.85,10.73,10.78,14600
2011-06-07,10.82,10.92,10.75,10.76,27500
2011-06-08,10.71,10.86,10.68,10.68,20000
2011-06-09,10.73,10.8,10.58,10.8,11400
2011-06-10,10.77,10.8,10.66,10.66,13700
2011-06-13,10.72,10.86,10.64,10.83,13000
2011-06-14,10.92,11.05,10.86,11.05,8500
2011-06-15,10.88,10.97,10.75,10.83,20100
2011-06-16,10.87,10.97,10.8,10.89,47100
2011-06-17,10.95,11.14,10.9,10.9,43200
2011-06-20,10.88,11.07,10.88,11.02,15900
2011-06-21,11.09,11.39,10.97,11.39,20100
2011-06-22,11.31,11.33,11,11.03,8600
2011-06-23,11.01,11.01,10.89,11.01,10700
2011-06-24,10.99,11.73,10.87,11.68,224900
2011-06-27,11.55,11.57,11.07,11.45,62300
2011-06-28,11.42,11.44,11.3,11.35,15400
2011-06-29,11.35,11.38,11.29,11.31,8300
2011-06-30,11.35,11.37,11.24,11.32,8400
2011-07-01,11.35,11.41,11.19,11.26,20100
2011-07-05,11.22,11.22,10.91,11,24700
2011-07-06,11,11.19,10.95,11.1,101400
2011-07-07,11.12,11.35,10.96,11.25,28700
2011-07-08,11.09,11.22,11.02,11.11,7500
2011-07-11,11.04,11.25,11,11.03,14500
2011-07-12,11.06,11.18,11.02,11.13,8000
2011-07-13,11.17,11.3,11.08,11.18,24300
2011-07-14,11.25,11.28,11.13,11.22,11000
2011-07-15,11.22,11.35,11.19,11.35,19600
2011-07-18,11.33,11.46,11.27,11.33,12200
2011-07-19,11.38,11.6,11.32,11.6,13500
2011-07-20,11.57,11.57,11.41,11.44,3500
2011-07-21,11.5,11.65,11.32,11.65,8500
2011-07-22,11.64,11.64,11.53,11.57,11900
2011-07-25,11.45,11.55,11.4,11.4,6900
2011-07-26,11.51,11.55,11.4,11.41,5200
2011-07-27,11.41,11.41,11.01,11.01,22200
2011-07-28,11.01,11.33,11.01,11.32,11600
2011-07-29,11.16,11.57,11.15,11.52,29200
2011-08-01,11.53,11.7,11.32,11.64,26900
2011-08-02,11.56,11.56,11.19,11.19,13200
2011-08-03,11.27,11.55,11.07,11.48,8300
2011-08-04,11.33,11.66,11.16,11.16,20700
2011-08-05,11.27,11.49,11.01,11.28,9600
2011-08-08,11.29,11.3,10.49,10.51,46600
2011-08-09,10.79,11.63,10.23,11.63,43100
2011-08-10,11.4,11.63,10.66,10.78,32800
2011-08-11,10.9,11.4,10.41,10.74,30900
2011-08-12,10.77,10.83,10.44,10.46,12600
2011-08-15,10.63,11.22,10.46,10.8,20800
2011-08-16,10.67,10.71,10.21,10.52,18900
2011-08-17,10.52,10.65,10.35,10.41,7200
2011-08-18,10.28,10.35,9.97,10.01,31500
2011-08-19,9.96,10.23,9.96,9.99,16600
2011-08-22,10.23,10.23,9.73,9.88,11500
2011-08-23,9.92,10.63,9.76,10.41,18000
2011-08-24,10.41,10.85,10.21,10.83,36500
2011-08-25,10.8,10.82,10.16,10.17,48100
2011-08-26,10.3,10.5,10.03,10.36,29600
2011-08-29,10.39,10.84,10.3,10.84,31400
2011-08-30,10.77,10.84,10.62,10.81,7200
2011-08-31,10.85,10.85,10.46,10.52,9700
2011-09-01,10.58,10.61,9.95,10.1,27900
2011-09-02,9.91,9.99,9.71,9.73,31000
2011-09-06,9.53,9.84,9.45,9.59,12200
2011-09-07,9.78,10.41,9.78,10.01,17100
2011-09-08,9.95,9.96,9.4,9.58,14700
2011-09-09,9.47,9.47,8.99,9.06,25300
2011-09-12,9.03,9.86,9.01,9.56,13600
2011-09-13,9.66,9.96,9.4,9.69,9900
2011-09-14,9.74,9.75,9.46,9.64,19800
2011-09-15,9.6,9.6,9.37,9.45,18400
2011-09-16,9.47,9.47,9.23,9.44,35300
2011-09-19,9.36,9.98,8.98,9.12,61200
2011-09-20,9.12,9.35,8.9,8.93,14700
2011-09-21,9,9.01,8.66,8.67,20800
2011-09-22,8.49,8.95,8.47,8.61,34700
2011-09-23,8.63,9.54,8.63,9.38,22100
2011-09-26,9.5,9.5,9.17,9.35,14600
2011-09-27,9.5,9.71,9.48,9.57,26400
2011-09-28,9.57,9.75,9.03,9.07,20800
2011-09-29,9.28,9.85,9,9.33,41400
2011-09-30,9.16,9.25,9.08,9.15,16200
2011-10-03,9.04,9.17,8.51,8.61,38900
2011-10-04,8.56,9.97,8.56,9.86,40100
2011-10-05,9.79,9.85,9.45,9.74,17200
2011-10-06,9.75,9.75,9.43,9.64,27100
2011-10-07,9.65,9.73,9.11,9.24,21600
2011-10-10,9.23,10.49,9.18,10.44,24300
2011-10-11,10.24,10.33,10.01,10.33,16400
2011-10-12,10.36,10.69,10.18,10.54,23500
2011-10-13,10.43,10.6,10.23,10.55,7300
2011-10-14,10.56,10.56,10.06,10.5,17500
2011-10-17,10.37,10.45,10.23,10.25,15600
2011-10-18,10.25,10.53,10.25,10.5,29000
2011-10-19,10.54,10.6,10.25,10.32,16600
2011-10-20,10.14,10.25,10.02,10.11,4700
2011-10-21,10.37,10.74,10.32,10.74,18600
2011-10-24,10.74,10.74,10.52,10.74,19400
2011-10-25,10.56,10.74,10.41,10.51,19800
2011-10-26,10.61,10.71,10.46,10.68,15700
2011-10-27,10.74,11.26,10.62,11.26,81300
2011-10-28,11.2,11.49,11.15,11.38,23600
2011-10-31,11.05,11.37,10.26,10.94,17400
2011-11-01,10.58,10.74,10.16,10.17,24900
2011-11-02,10.37,10.66,10.35,10.62,18800
2011-11-03,10.61,11.13,10.39,11.07,24500
2011-11-04,10.95,10.95,10.55,10.62,5800
2011-11-07,10.32,10.58,10.07,10.51,9900
2011-11-08,10.56,10.73,10.06,10.7,8800
2011-11-09,10.42,10.42,9.74,9.74,22900
2011-11-10,9.91,9.91,9.74,9.88,12000
2011-11-11,9.94,10.48,9.93,10.43,15100
2011-11-14,10.35,10.39,9.75,9.86,17800
2011-11-15,9.88,10.39,9.87,10.3,10000
2011-11-16,10.19,10.5,9.86,9.86,8000
2011-11-17,9.98,10.02,9.83,9.84,12000
2011-11-18,9.84,10.38,9.84,10.15,21300
2011-11-21,10,10.1,9.82,9.94,12200
2011-11-22,9.93,10.15,9.74,9.75,13400
2011-11-23,9.74,9.77,9,9.06,28900
2011-11-25,9.12,9.12,8.83,8.83,13500
2011-11-28,9.09,9.44,9,9.41,22200
2011-11-29,9.4,9.42,8.94,9.01,11700
2011-11-30,9.32,10.24,9.32,10.11,44300
2011-12-01,10.04,10.45,9.93,9.93,19300
2011-12-02,10.1,10.16,9.99,10.11,5500
2011-12-05,10.24,10.24,9.67,10.17,21000
2011-12-06,10.1,10.46,10,10.38,14600
2011-12-07,10.29,10.29,9.94,9.95,26300
2011-12-08,9.85,9.85,9.34,9.44,20100
2011-12-09,9.51,10,9.51,9.8,28000
2011-12-12,9.68,9.68,9.38,9.52,22900
2011-12-13,9.62,9.62,9.03,9.14,17900
2011-12-14,9.03,9.3,9,9.25,37100
2011-12-15,9.33,9.34,9.02,9.23,18600
2011-12-16,9.26,9.27,9.09,9.09,86600
2011-12-19,9.22,9.28,8.71,8.83,19000
2011-12-20,9.1,9.5,9.1,9.5,21300
2011-12-21,9.46,9.48,9,9.37,30500
2011-12-22,9.4,9.43,9.3,9.39,8600
2011-12-23,9.42,9.46,9.31,9.37,10300
2011-12-27,9.3,9.36,9.24,9.32,5600
2011-12-28,9.27,9.33,8.86,8.96,34800
2011-12-29,9.07,9.14,8.89,8.94,122200
2011-12-30,8.97,9.03,8.75,8.8,183800
2012-01-03,9.06,9.06,8.73,9,64200
2012-01-04,8.92,9,8.87,8.9,38500
2012-01-05,8.85,9.25,8.77,9,31400
2012-01-06,8.86,9.01,8.75,8.87,42500
2012-01-09,8.86,9,8.86,8.93,19600
2012-01-10,9.08,9.19,8.9,9.09,66400
2012-01-11,9.1,9.1,9,9.03,22200
2012-01-12,9,9.07,8.93,9.04,10400
2012-01-13,8.87,8.97,8.87,8.92,10100
2012-01-17,8.99,9.01,8.9,8.99,38100
2012-01-18,9,9.1,8.92,9.1,19500
2012-01-19,9.15,9.17,9,9.16,21500
2012-01-20,9.16,9.28,9.07,9.28,19900
2012-01-23,9.46,9.46,8.97,9.1,20500
2012-01-24,9.1,9.15,8.95,9.15,12000
2012-01-25,9.16,9.22,9.03,9.21,20600
2012-01-26,9.21,9.21,9,9.05,23300
2012-01-27,9,9.15,9,9.14,10600
2012-01-30,9.03,9.11,8.99,9.05,6400
2012-01-31,9.07,9.33,9,9.13,36400
2012-02-01,9.21,9.32,8.94,9.28,31200
2012-02-02,9.26,9.45,9.11,9.45,12600
2012-02-03,9.6,9.85,9.6,9.79,29100
2012-02-06,9.7,9.78,9.57,9.77,10400
2012-02-07,9.67,9.86,9.67,9.85,22600
2012-02-08,9.78,9.9,9.67,9.87,9700
2012-02-09,9.82,9.83,9.7,9.73,7300
2012-02-10,9.58,9.8,9.39,9.59,14200
2012-02-13,9.74,9.76,9.63,9.67,7700
2012-02-14,9.57,9.58,9.36,9.41,8100
2012-02-15,9.49,9.52,9.25,9.27,10400
2012-02-16,9.33,9.65,9.32,9.64,17300
2012-02-17,9.65,9.65,9.35,9.56,15200
2012-02-21,9.58,9.64,9.4,9.58,5400
2012-02-22,9.63,9.63,9.48,9.5,5000
2012-02-23,9.5,9.64,9.47,9.64,7000
2012-02-24,9.62,9.73,9.35,9.35,17500
2012-02-27,9.27,9.31,9.22,9.28,4400
2012-02-28,9.3,9.3,9.15,9.18,14000
2012-02-29,9.18,9.25,9.14,9.2,61300
2012-03-01,9.23,9.31,9.17,9.25,65800
2012-03-02,9.33,9.35,8.91,8.92,24000
2012-03-05,8.9,8.97,8.85,8.95,10500
2012-03-06,8.9,9.06,8.89,9.05,24400
2012-03-07,9.07,9.24,8.99,9.21,16200
2012-03-08,9.26,9.35,9.12,9.3,8600
2012-03-09,9.29,9.8,9.29,9.75,52400
2012-03-12,9.84,9.85,9.74,9.79,7200
2012-03-13,9.85,10.17,9.7,10.16,60700
2012-03-14,10.15,10.15,9.9,9.97,16800
2012-03-15,10.03,10.1,9.9,10.1,7900
2012-03-16,10.11,10.11,9.91,9.95,27500
2012-03-19,9.98,10.1,9.9,10.05,22300
2012-03-20,9.95,9.98,9.87,9.94,34800
2012-03-21,9.97,10,9.84,9.86,14900
2012-03-22,9.74,9.74,9.6,9.63,8200
2012-03-23,9.58,9.91,9.55,9.85,8800
2012-03-26,9.98,10.13,9.79,10.13,16100
2012-03-27,10.21,10.21,9.98,10.03,8700
2012-03-28,9.98,10,9.9,9.99,14900
2012-03-29,9.85,9.96,9.39,9.91,11400
2012-03-30,10.01,10.01,9.83,9.83,30800
2012-04-02,9.78,10.02,9.75,10.02,33300
2012-04-03,9.95,10.2,9.85,9.88,21400
2012-04-04,9.77,9.8,9.74,9.74,17500
2012-04-05,9.67,9.77,9.67,9.75,7200
2012-04-09,9.64,9.64,9.46,9.48,14800
2012-04-10,9.47,9.77,9.3,9.32,24000
2012-04-11,9.46,9.65,9.35,9.6,13700
2012-04-12,9.58,9.92,9.5,9.89,22500
2012-04-13,9.78,9.8,9.65,9.65,31200
2012-04-16,9.71,9.75,9.65,9.75,32100
2012-04-17,9.86,9.86,9.66,9.7,29700
2012-04-18,9.63,9.72,9.6,9.6,11600
2012-04-19,9.62,9.62,9.45,9.5,14700
2012-04-20,9.74,9.8,9.67,9.74,42300
2012-04-23,9.54,9.6,9.11,9.15,27000
2012-04-24,9.2,9.29,9,9.1,20100
2012-04-25,9.25,9.35,9.1,9.25,22300
2012-04-26,9.21,9.25,9.18,9.21,7700
2012-04-27,9.32,9.36,9.21,9.28,18400
2012-04-30,9.3,9.3,9.13,9.16,21000
2012-05-01,9.09,9.27,9.02,9.08,29200
2012-05-02,8.99,9.13,8.99,9.03,17700
2012-05-03,9,9.11,9,9.08,14000
2012-05-04,9.05,9.07,8.98,8.98,18300
2012-05-07,8.99,9.14,8.98,9.02,12000
2012-05-08,8.97,9.14,8.91,9.12,30100
2012-05-09,9.03,9.62,9.02,9.52,26000
2012-05-10,9.57,9.87,9.26,9.83,7000
2012-05-11,9.69,9.82,9.39,9.46,11700
2012-05-14,9.39,9.39,9.25,9.25,10400
2012-05-15,9.26,9.33,9.14,9.16,7800
2012-05-16,9.18,9.24,9.09,9.09,4900
2012-05-17,9.13,9.13,8.93,8.93,15200
2012-05-18,8.9,9.22,8.9,8.99,15100
2012-05-21,8.98,9.06,8.76,8.83,15600
2012-05-22,8.84,9.01,8.64,8.71,21000
2012-05-23,8.71,8.73,8.42,8.59,13000
2012-05-24,8.73,8.99,8.73,8.95,15000
2012-05-25,8.92,9.12,8.92,9.01,10500
2012-05-29,9.08,9.17,9.06,9.15,7600
2012-05-30,9.02,9.1,8.97,8.98,23800
2012-05-31,9.01,9.01,8.9,8.99,19900
2012-06-01,8.78,9.13,8.78,8.82,14800
2012-06-04,8.9,8.99,8.8,8.96,11000
2012-06-05,8.93,8.98,8.8,8.88,21200
2012-06-06,8.91,9.1,8.89,9,28800
2012-06-07,9.02,9.06,8.93,8.97,14900
2012-06-08,8.92,9.07,8.86,9.04,8300
2012-06-11,9.1,9.1,8.95,8.95,15000
2012-06-12,8.98,9.04,8.86,9,15300
2012-06-13,9,9.05,8.92,8.99,11300
2012-06-14,8.97,9.11,8.96,9.08,8900
2012-06-15,9.01,9.26,8.87,9.19,35800
2012-06-18,9.07,9.43,9.07,9.11,31400
2012-06-19,9.13,9.5,9,9.44,21800
2012-06-20,9.39,9.46,9.24,9.27,18000
2012-06-21,9.31,9.34,9.2,9.26,19300
2012-06-22,9.3,9.5,9.25,9.46,98500
2012-06-25,9.3,9.46,9.2,9.25,10300
2012-06-26,9.19,9.28,9.17,9.28,7600
2012-06-27,9.29,9.45,9.25,9.41,10900
2012-06-28,9.29,9.45,9.2,9.34,6900
2012-06-29,9.5,9.99,9.31,9.9,15000
2012-07-02,9.92,9.92,9.35,9.73,29600
2012-07-03,9.75,9.93,9.6,9.93,5800
2012-07-05,9.93,10.17,9.93,10.09,12800
2012-07-06,9.94,10.18,9.94,10.03,8700
2012-07-09,10.05,10.1,9.55,10,8400
2012-07-10,10.1,10.19,9.82,10.16,14200
2012-07-11,10.19,10.22,10.19,10.19,19200
2012-07-12,10.15,10.39,10.1,10.35,9700
2012-07-13,10.4,10.66,10.4,10.56,10400
2012-07-16,10.55,10.68,10.5,10.61,10100
2012-07-17,10.71,10.99,10.71,10.93,7500
2012-07-18,10.95,11,10.85,10.97,12000
2012-07-19,10.98,10.98,10.82,10.82,5300
2012-07-20,10.71,10.89,10.51,10.73,40900
2012-07-23,10.64,10.79,10.28,10.67,13300
2012-07-24,10.74,10.74,10.06,10.37,17500
2012-07-25,10.46,10.48,10.08,10.29,8900
2012-07-26,10.49,10.49,10.16,10.39,8200
2012-07-27,10.45,10.75,10.06,10.73,14200
2012-07-30,10.73,10.84,10.55,10.59,9800
2012-07-31,10.56,10.99,10.37,10.68,26600
2012-08-01,10.76,10.96,10.54,10.54,25900
2012-08-02,10.5,10.9,10.41,10.6,29100
2012-08-03,10.84,10.98,10.55,10.89,20400
2012-08-06,10.92,11,10.78,10.88,13300
2012-08-07,10.98,10.98,10.67,10.93,23900
2012-08-08,10.89,11.04,10.72,10.85,24700
2012-08-09,10.8,10.95,10.5,10.57,29300
2012-08-10,10.52,10.59,10.36,10.44,26300
2012-08-13,10.47,10.68,10.41,10.67,28400
2012-08-14,10.75,10.75,10.36,10.39,13300
2012-08-15,10.4,10.52,10.34,10.43,7300
2012-08-16,10.45,10.57,10.25,10.57,17900
2012-08-17,10.51,10.97,10.28,10.97,25800
2012-08-20,11,11,10.67,10.79,26300
2012-08-21,10.89,10.99,10.75,10.87,13800
2012-08-22,10.88,10.99,10.61,10.7,12200
2012-08-23,10.67,10.78,10.4,10.4,8700
2012-08-24,10.36,10.53,10.3,10.46,9400
2012-08-27,10.58,10.99,10.42,10.53,17600
2012-08-28,10.32,10.76,10.32,10.76,6600
2012-08-29,10.75,11,10.44,10.96,15600
2012-08-30,10.91,10.96,10.67,10.79,17100
2012-08-31,10.91,10.91,10.63,10.88,12700
2012-09-04,10.9,11.03,10.71,11.03,19300
2012-09-05,11.05,11.18,11,11.1,24800
2012-09-06,11.05,11.49,11,11.48,29200
2012-09-07,11.5,11.5,11.27,11.5,9200
2012-09-10,11.45,11.5,11.39,11.39,5900
2012-09-11,11.37,11.63,11.37,11.58,10500
2012-09-12,11.56,11.73,11.35,11.73,6700
2012-09-13,11.67,11.85,11.59,11.74,28800
2012-09-14,11.8,11.8,11.5,11.7,20800
2012-09-17,11.59,11.8,11.45,11.79,15500
2012-09-18,11.8,11.85,11.73,11.78,26400
2012-09-19,11.8,11.82,11.77,11.78,22300
2012-09-20,11.74,11.74,11.2,11.53,5700
2012-09-21,11.78,12.29,11.58,12.22,63700
2012-09-24,12.16,12.97,11.73,12.89,40500
2012-09-25,13,13,12.26,12.41,55800
2012-09-26,12.44,12.63,12.28,12.45,16700
2012-09-27,12.45,12.45,12.27,12.43,11200
2012-09-28,12.36,12.44,11.86,12.26,17100
2012-10-01,12.37,12.45,12.15,12.31,10000
2012-10-02,12.4,12.45,12.18,12.38,9200
2012-10-03,12.44,12.45,12.24,12.28,8100
2012-10-04,12.37,12.43,12.23,12.34,10400
2012-10-05,12.5,12.72,12.05,12.09,37100
2012-10-08,12.07,12.6,11.91,12.36,23000
2012-10-09,12.36,12.38,11.98,11.98,6600
2012-10-10,11.96,12.26,11.93,12.26,17700
2012-10-11,12.33,12.5,12.15,12.39,15000
2012-10-12,12.22,12.33,11.91,12.07,28600
2012-10-15,12.14,12.14,11.76,11.92,16800
2012-10-16,12,12,11.61,11.88,20000
2012-10-17,11.94,11.99,11.51,11.83,20500
2012-10-18,11.82,11.87,11.59,11.64,6400
2012-10-19,11.58,11.65,11.29,11.5,51100
2012-10-22,11.22,11.29,11.07,11.2,12100
2012-10-23,11.12,11.22,11.02,11.11,6500
2012-10-24,11.24,11.25,11.1,11.18,6500
2012-10-25,11.25,11.91,11.11,11.22,10800
2012-10-26,11.25,11.25,11.1,11.22,2900
2012-10-31,11.2,11.41,11.03,11.25,53500
2012-11-01,11.42,11.51,11.37,11.46,16900
2012-11-02,11.54,11.54,11.2,11.2,24700
2012-11-05,11.4,11.7,11.34,11.7,56400
2012-11-06,11.69,11.96,11.54,11.96,21000
2012-11-07,11.8,11.8,11.34,11.34,13800
2012-11-08,11.3,11.3,10.8,10.81,26300
2012-11-09,10.75,11.32,10.75,11.21,10700
2012-11-12,11.26,11.31,10.76,10.81,11100
2012-11-13,10.78,11,10.64,10.8,31700
2012-11-14,10.86,10.86,10.18,10.24,16600
2012-11-15,10.28,10.32,9.8,10.21,10000
2012-11-16,10.15,10.3,9.84,10.22,19500
2012-11-19,10.31,10.35,10.1,10.3,30000
2012-11-20,10.25,10.34,10,10.17,11000
2012-11-21,10.37,10.37,10.06,10.24,15400
2012-11-23,10.29,10.9,10.29,10.62,8700
2012-11-26,10.55,10.55,10.12,10.41,10400
2012-11-27,10.43,10.51,10.3,10.31,17300
2012-11-28,10.36,10.41,10.25,10.3,10500
2012-11-29,10.41,10.72,10.41,10.72,9200
2012-11-30,10.75,10.85,10.5,10.51,15200
2012-12-03,10.61,10.85,10.61,10.83,11200
2012-12-04,10.85,10.95,10.56,10.84,25400
2012-12-05,10.92,10.97,10.67,10.89,15400
2012-12-06,10.82,11.04,10.66,11.04,21400
2012-12-07,11.05,11.05,10.57,10.66,8400
2012-12-10,10.71,10.75,10.59,10.75,15100
2012-12-11,10.79,10.9,10.68,10.9,19000
2012-12-12,10.89,10.89,10.55,10.57,17700
2012-12-13,10.55,10.79,10.26,10.52,26900
2012-12-14,10.46,10.68,10.42,10.47,13400
2012-12-17,10.39,10.74,10.39,10.63,16100
2012-12-18,10.68,11.05,10.56,11.05,21100
2012-12-19,11.05,11.25,10.95,11.25,11300
2012-12-20,11.22,11.81,11.05,11.74,20000
2012-12-21,11.61,11.7,11.25,11.64,334200
2012-12-24,11.51,11.51,11.39,11.45,3000
2012-12-26,11.44,11.53,11.31,11.4,11100
2012-12-27,11.44,11.59,11.24,11.35,24100
2012-12-28,11.31,11.34,11.12,11.27,16900
2012-12-31,11.25,11.47,10.82,11.43,21200
2013-01-02,11.54,11.75,11.45,11.74,49700
2013-01-03,11.6,12.03,11.53,11.97,63200
2013-01-04,12,12.25,11.68,12.18,34500
2013-01-07,12.2,12.2,11.94,12.14,17000
2013-01-08,12.17,12.2,11.98,12.17,8300
2013-01-09,12.16,12.25,11.92,12.16,11200
2013-01-10,12.19,12.34,12,12.33,11000
2013-01-11,12.33,12.45,11.99,12.17,20500
2013-01-14,12.14,12.34,12,12.22,9900
2013-01-15,12.12,12.25,12.04,12.24,9700
2013-01-16,12.18,12.35,11.72,12.03,21300
2013-01-17,12.14,12.14,12,12.1,10700
2013-01-18,12.13,12.44,12.01,12.33,14600
2013-01-22,12.35,12.35,12.11,12.22,25400
2013-01-23,12.26,12.26,11.98,12.11,6100
2013-01-24,12.16,12.34,11.89,12.33,12700
2013-01-25,12.42,12.49,12.07,12.34,13500
2013-01-28,12.4,12.6,12.28,12.6,24700
2013-01-29,12.5,12.69,12.47,12.69,27600
2013-01-30,12.6,12.6,12.37,12.55,20600
2013-01-31,12.5,12.5,12.35,12.46,9000
2013-02-01,12.5,13,12.47,12.87,33900
2013-02-04,12.76,12.94,12.5,12.62,30100
2013-02-05,12.72,12.85,12.68,12.85,3600
2013-02-06,12.77,12.83,12.52,12.77,3600
2013-02-07,12.7,12.88,12.62,12.69,5900
2013-02-08,12.68,12.68,12.54,12.68,13400
2013-02-11,12.7,12.7,12.56,12.66,4500
2013-02-12,12.38,12.87,12.38,12.84,9400
2013-02-13,12.8,12.8,12.54,12.65,7600
2013-02-14,12.65,12.8,12.52,12.75,11500
2013-02-15,12.8,12.8,12.68,12.8,15300
2013-02-19,12.84,12.95,12.78,12.93,12700
2013-02-20,12.91,12.96,12.78,12.78,19400
2013-02-21,12.83,12.83,12.62,12.74,9200
2013-02-22,12.78,12.85,12.55,12.84,14600
2013-02-25,12.87,12.89,12.11,12.4,23600
2013-02-26,12.45,12.54,12.29,12.45,3600
2013-02-27,12.45,12.51,12.16,12.51,58700
2013-02-28,12.47,12.66,12.27,12.66,31200
2013-03-01,12.52,12.95,12.42,12.94,9800
2013-03-04,12.86,12.94,12.63,12.87,10200
2013-03-05,12.94,13.05,12.83,13.01,17200
2013-03-06,13.05,13.15,12.85,13.15,68700
2013-03-07,13.19,13.22,12.97,13.15,22200
2013-03-08,13.23,13.25,13.09,13.21,15700
2013-03-11,13.19,13.23,13.07,13.14,8500
2013-03-12,13.14,13.15,13.06,13.11,7600
2013-03-13,13.09,13.25,13.09,13.23,19100
2013-03-14,13.23,13.35,13.11,13.35,14600
2013-03-15,13.31,13.35,13.13,13.26,64400
2013-03-18,13.12,13.35,13.03,13.24,4500
2013-03-19,13.3,13.35,13,13.28,13800
2013-03-20,13.35,13.35,13.26,13.34,5400
2013-03-21,13.22,13.34,13.17,13.25,4200
2013-03-22,13.35,13.35,12.99,13.11,6700
2013-03-25,13.12,13.3,13.12,13.23,5500
2013-03-26,13.3,13.3,13.1,13.3,4200
2013-03-27,13.18,13.29,13.14,13.23,5600
2013-03-28,13.28,13.28,13.13,13.15,33900
2013-04-01,13.09,13.09,12.96,13.03,11600
2013-04-02,13.16,13.16,12.87,12.92,5400
2013-04-03,12.99,12.99,12.54,12.58,11600
2013-04-04,12.64,12.74,12.35,12.74,13400
2013-04-05,12.48,12.81,12.48,12.72,6300
2013-04-08,12.8,12.84,12.7,12.82,11700
2013-04-09,12.81,12.81,12.59,12.7,15400
2013-04-10,12.71,12.98,12.55,12.9,8100
2013-04-11,12.81,12.88,12.79,12.82,5000
2013-04-12,12.62,12.9,12.62,12.89,8400
2013-04-15,12.87,12.87,12.62,12.8,29000
2013-04-16,12.91,13,12.73,12.87,10100
2013-04-17,12.73,12.87,12.25,12.45,15900
2013-04-18,12.51,12.68,12.46,12.48,9500
2013-04-19,12.46,12.99,12.46,12.95,23500
2013-04-22,12.92,12.99,12.46,12.73,5800
2013-04-23,12.84,12.96,12.76,12.95,10600
2013-04-24,12.77,13.03,12.77,13.03,16200
2013-04-25,13.03,13.03,12.9,12.98,2800
2013-04-26,12.95,12.95,12.75,12.75,11900
2013-04-29,12.79,12.89,12.7,12.81,29500
2013-04-30,12.8,12.93,12.77,12.92,7600
2013-05-01,12.81,12.81,12.01,12.02,166300
2013-05-02,12.13,12.32,12.13,12.26,15700
2013-05-03,12.43,12.62,12.3,12.41,8400
2013-05-06,12.51,12.55,12.35,12.55,1400
2013-05-07,12.61,12.72,12.4,12.72,3800
2013-05-08,12.57,12.77,12.53,12.73,7800
2013-05-09,12.71,12.79,12.5,12.56,13000
2013-05-10,12.62,12.8,12.57,12.68,7000
2013-05-13,12.69,12.81,12.65,12.77,14400
2013-05-14,12.84,12.87,12.77,12.85,12700
2013-05-15,12.76,12.89,12.75,12.8,6200
2013-05-16,12.79,12.94,12.79,12.89,3900
2013-05-17,12.93,12.97,12.75,12.92,12800
2013-05-20,12.86,13.1,12.85,13.06,38400
2013-05-21,13.07,13.19,12.95,13.19,43600
2013-05-22,13.17,13.34,13.15,13.21,22200
2013-05-23,13.11,13.5,13.11,13.43,15200
2013-05-24,13.39,13.51,13.18,13.46,43400
2013-05-28,13.64,13.95,13.64,13.92,13500
2013-05-29,13.87,13.92,13.73,13.82,3900
2013-05-30,13.85,13.9,13.7,13.83,11100
2013-05-31,13.75,13.83,13.36,13.71,11400
2013-06-03,13.65,14.75,13.59,14.61,45600
2013-06-04,14.56,14.56,14,14.05,13500
2013-06-05,14.07,14.1,13.89,14.02,7200
2013-06-06,13.99,14.17,13.99,14.17,29100
2013-06-07,14.2,14.45,14.13,14.23,13400
2013-06-10,14.25,14.4,14.25,14.29,3500
2013-06-11,14.33,14.41,14.2,14.33,9600
2013-06-12,14.4,14.48,14.22,14.26,5600
2013-06-13,14.27,14.49,14.11,14.46,9100
2013-06-14,14.43,14.44,14.25,14.35,19700
2013-06-17,14.49,14.59,14.35,14.55,20800
2013-06-18,14.48,14.81,14.43,14.74,34000
2013-06-19,14.69,14.69,14.25,14.61,69200
2013-06-20,14.4,14.84,14.4,14.53,33000
2013-06-21,14.57,14.66,14.47,14.56,64700
2013-06-24,14.4,14.6,14.23,14.27,20300
2013-06-25,14.48,14.48,14.22,14.37,11300
2013-06-26,14.5,14.59,14.41,14.55,33700
2013-06-27,14.69,14.93,14.63,14.87,12000
2013-06-28,14.87,14.9,14.4,14.8,98400
2013-07-01,14.79,15,14.45,15,25300
2013-07-02,14.94,15,14.2,14.85,8700
2013-07-03,14.99,15.28,14.81,15.2,14300
2013-07-05,15.45,15.63,15.3,15.62,16800
2013-07-08,15.6,16,15.6,15.86,19500
2013-07-09,15.97,16.129999,15.77,15.9,17600
2013-07-10,15.84,15.84,15.09,15.63,32600
2013-07-11,15.8,16,15.65,15.99,11100
2013-07-12,15.92,15.95,15.77,15.88,4000
2013-07-15,15.94,16,15.69,15.99,13300
2013-07-16,15.96,15.96,15.63,15.78,10600
2013-07-17,15.9,16,15.78,15.87,6300
2013-07-18,15.88,15.99,15.76,15.93,11500
2013-07-19,15.9,16.08,15.89,16,22300
2013-07-22,15.91,16.15,15.91,16.09,18500
2013-07-23,16.200001,16.25,16.059999,16.139999,12300
2013-07-24,16.17,16.77,16.17,16.370001,14600
2013-07-25,16.389999,16.389999,15.35,16.200001,19000
2013-07-26,16.030001,16.030001,15.67,15.68,11600
2013-07-29,15.63,15.74,15.4,15.42,20300
2013-07-30,15.48,15.65,14.94,15.12,117700
2013-07-31,15.13,16,14.97,15.78,106200
2013-08-01,15.88,16.23,15.34,15.86,16800
2013-08-02,15.83,16.17,15.53,16.16,18700
2013-08-05,16.200001,16.290001,15.96,16,7600
2013-08-06,16.110001,16.620001,16.110001,16.34,53800
2013-08-07,16.34,16.34,15.86,15.92,11600
2013-08-08,16.07,16.07,15.81,16.07,9100
2013-08-09,15.98,16.030001,15.74,15.89,5400
2013-08-12,15.79,15.93,15.6,15.75,15500
2013-08-13,15.77,15.77,15.45,15.65,11200
2013-08-14,15.67,15.77,15.45,15.46,15200
2013-08-15,15.4,15.6,14.82,15.13,24400
2013-08-16,15.04,15.32,15.04,15.04,9000
2013-08-19,15,15.23,14.97,15,20700
2013-08-20,15.03,15.58,15.03,15.56,18000
2013-08-21,15.53,15.82,15.35,15.36,15100
2013-08-22,15.26,15.73,15.26,15.64,10800
2013-08-23,15.64,15.64,15.09,15.54,9600
2013-08-26,15.59,15.65,15.09,15.18,15900
2013-08-27,14.98,15.41,14.08,14.38,18900
2013-08-28,15.18,15.18,14.24,14.53,13700
2013-08-29,14.25,14.74,14.25,14.73,10000
2013-08-30,14.73,14.84,14.37,14.42,17900
2013-09-03,14.64,14.98,14.43,14.85,19000
2013-09-04,14.66,14.92,14.38,14.72,27300
2013-09-05,14.69,15,14.54,14.54,11500
2013-09-06,14.61,14.82,14.38,14.53,20700
2013-09-09,14.52,15.05,14.52,14.75,22400
2013-09-10,14.85,15.19,14.35,15.09,13700
2013-09-11,15.06,15.06,13.74,14.91,11000
2013-09-12,14.96,15.2,14.66,15.19,40400
2013-09-13,15.27,15.55,15.17,15.46,9600
2013-09-16,15.6,15.7,15.29,15.52,23000
2013-09-17,14.47,15.75,14.47,15.73,12500
2013-09-18,15.75,16.209999,15.75,16.190001,19200
2013-09-19,16.190001,16.190001,15.81,15.89,8800
2013-09-20,15.99,16.389999,15.99,16.190001,39500
2013-09-23,16.17,16.43,15.9,16.1,26400
2013-09-24,16.200001,17.040001,16,16.09,26300
2013-09-25,14.76,16.51,14.76,16.469999,42100
2013-09-26,16.57,16.790001,15.36,16.389999,9800
2013-09-27,16.25,16.25,15.39,15.8,7700
2013-09-30,15.61,15.82,15.61,15.73,22500
2013-10-01,15.77,16.23,15.77,16.16,11200
2013-10-02,16.09,16.24,16.059999,16.16,23400
2013-10-03,16,16.129999,16,16,9500
2013-10-04,15.96,16.049999,15.77,16.01,9200
2013-10-07,15.95,16.120001,15.91,16.01,8800
2013-10-08,16,16,15.9,15.94,15700
2013-10-09,15.95,16.200001,15.8,16.129999,14500
2013-10-10,16.290001,16.68,16.18,16.57,18800
2013-10-11,16.6,17.16,16.6,17.16,16600
2013-10-14,17,17.49,16.700001,17.42,20800
2013-10-15,17.32,17.49,16.440001,16.790001,34500
2013-10-16,16.85,17.059999,16.73,16.92,13600
2013-10-17,16.82,17.559999,16.82,17.08,33300
2013-10-18,17.25,17.59,16.83,17.58,25000
2013-10-21,17.68,17.82,16.92,17.040001,21100
2013-10-22,17.120001,17.48,16.98,17.23,19500
2013-10-23,17.09,17.700001,17.07,17.530001,12900
2013-10-24,17.67,17.67,17.4,17.459999,7900
2013-10-25,17.75,17.969999,17.32,17.49,17400
2013-10-28,17.639999,19.889999,17.639999,18.75,62300
2013-10-29,18.809999,19.5,18.780001,19.379999,20500
2013-10-30,19.549999,19.549999,19.24,19.26,21200
2013-10-31,19.34,19.34,18.75,18.93,34200
2013-11-01,18.85,19.200001,18.030001,18.360001,47900
2013-11-04,18.4,19.51,18.309999,18.57,31400
2013-11-05,18.4,18.809999,18.23,18.67,13600
2013-11-06,18.84,18.84,18.459999,18.549999,5200
2013-11-07,18.5,18.799999,17.809999,17.83,20700
2013-11-08,17.82,18,17.530001,17.790001,28800
2013-11-11,17.629999,17.84,17.459999,17.709999,17300
2013-11-12,17.969999,17.969999,17.42,17.709999,4200
2013-11-13,17.9,17.9,17.620001,17.700001,6000
2013-11-14,17.75,17.84,17.42,17.530001,12400
2013-11-15,17.5,17.76,17.42,17.559999,12400
2013-11-18,17.57,17.790001,17.32,17.33,8800
2013-11-19,17.5,17.969999,17.35,17.370001,45800
2013-11-20,17.549999,17.709999,16.889999,17,24300
2013-11-21,17,17.280001,16.5,17.110001,26200
2013-11-22,17.18,17.610001,16.540001,17.450001,21800
2013-11-25,17.450001,17.73,16.610001,17.6,28100
2013-11-26,17.49,17.73,17.24,17.620001,14200
2013-11-27,17.65,17.700001,17.59,17.700001,12500
2013-11-29,17.709999,17.719999,17.530001,17.700001,6800
2013-12-02,17.73,17.73,16.950001,17.34,15200
2013-12-03,17.48,17.559999,17.059999,17.48,8000
2013-12-04,17.459999,17.459999,16.99,17.129999,9400
2013-12-05,17.1,17.15,16.809999,17.15,16200
2013-12-06,17.370001,17.440001,16.92,17.219999,11800
2013-12-09,17.190001,17.34,16.809999,17.280001,25800
2013-12-10,17.299999,17.469999,16.799999,16.879999,12200
2013-12-11,16.790001,16.790001,16.110001,16.17,20200
2013-12-12,16.23,16.5,16.16,16.17,10600
2013-12-13,16.25,16.25,16.02,16.030001,14500
2013-12-16,16.15,16.200001,15.92,16.17,16300
2013-12-17,15.88,16.18,15.88,16.110001,4600
2013-12-18,16.18,16.209999,16.01,16.209999,16600
2013-12-19,16.200001,16.4,15.92,15.95,18200
2013-12-20,16.040001,16.82,16.01,16.709999,68600
2013-12-23,16.67,16.959999,16.280001,16.790001,19500
2013-12-24,16.9,16.950001,16.9,16.950001,13600
2013-12-26,16.559999,16.77,16.42,16.629999,14400
2013-12-27,16.690001,16.700001,16.33,16.5,15400
2013-12-30,16.65,16.65,16.09,16.43,12500
2013-12-31,16.450001,16.66,16.040001,16.09,12400
2014-01-02,16.07,16.07,15.72,15.9,16600
2014-01-03,15.9,16,15.55,15.93,40900
2014-01-06,16.059999,16.209999,15.7,15.73,10700
2014-01-07,15.77,16.219999,15.77,16.219999,7800
2014-01-08,16.24,16.32,15.56,16.17,23400
2014-01-09,16.27,16.540001,16.120001,16.4,25500
2014-01-10,16.549999,16.82,16.549999,16.74,17300
2014-01-13,16.700001,16.76,16,16.68,20200
2014-01-14,16.719999,16.940001,16.32,16.35,12100
2014-01-15,16.73,16.73,16.5,16.620001,8900
2014-01-16,16.4,16.5,16.25,16.33,11100
2014-01-17,16.360001,16.620001,16.200001,16.200001,7200
2014-01-21,16.200001,16.57,16.190001,16.57,11400
2014-01-22,16.58,17,16.58,16.639999,10300
2014-01-23,16.610001,16.66,16.200001,16.209999,8300
2014-01-24,16.190001,16.190001,15.85,15.97,15800
2014-01-27,16,16.950001,16,16.879999,34400
2014-01-28,16.799999,16.98,16.5,16.92,37600
2014-01-29,16.809999,16.940001,16.620001,16.66,22500
2014-01-30,16.77,16.9,16.33,16.43,36000
2014-01-31,16.08,16.200001,15.79,15.85,19200
2014-02-03,15.87,16.18,14.86,15.16,30900
2014-02-04,15.62,15.62,14.97,15.19,21600
2014-02-05,15.07,15.08,14.95,15.01,14700
2014-02-06,15.02,15.22,15.02,15.07,18300
2014-02-07,15.16,15.16,14.86,15.05,19600
2014-02-10,15.09,15.31,14.93,15.23,19600
2014-02-11,15.06,15.67,15.06,15.55,9100
2014-02-12,15.64,15.7,15.23,15.55,18900
2014-02-13,15.47,16,15.39,15.94,19800
2014-02-14,15.97,16.110001,15.74,15.91,7000
2014-02-18,15.92,16.57,15.9,16.52,13000
2014-02-19,16.389999,16.75,16,16.18,27600
2014-02-20,16.16,16.48,16,16.389999,13500
2014-02-21,16.49,16.77,16.280001,16.43,22400
2014-02-24,16.379999,16.969999,16.379999,16.700001,14400
2014-02-25,16.65,16.690001,16.5,16.51,10400
2014-02-26,16.58,16.700001,16.290001,16.43,9800
2014-02-27,16.49,16.5,16.370001,16.48,6600
2014-02-28,16.540001,16.59,16.139999,16.309999,29000
2014-03-03,16.110001,16.48,15.8,16.389999,16500
2014-03-04,16.629999,16.700001,16,16.290001,376100
2014-03-05,16.209999,16.610001,16.120001,16.200001,39000
2014-03-06,16.18,16.379999,16.129999,16.200001,49400
2014-03-07,16.34,16.4,15.95,16.110001,19500
2014-03-10,16.110001,16.15,15.59,16,43400
2014-03-11,15.97,16.139999,15.75,15.99,20100
2014-03-12,15.83,16.049999,15.75,16.01,33500
2014-03-13,16,16,15.72,15.86,20100
2014-03-14,15.8,16.49,15.8,16.389999,88800
2014-03-17,16.5,16.5,15.99,16.030001,38200
2014-03-18,16.040001,16.25,15.54,16.09,32600
2014-03-19,16.030001,16.030001,15.9,15.91,20400
2014-03-20,16.129999,16.129999,15.85,16,25300
2014-03-21,16.120001,16.24,15.88,15.92,53100
2014-03-24,16.040001,16.110001,15.54,15.92,25800
2014-03-25,16.190001,16.190001,15.62,15.99,81000
2014-03-26,16.059999,16.059999,15.69,15.75,27200
2014-03-27,15.76,15.99,15.5,15.77,17200
2014-03-28,15.75,15.95,15.69,15.83,38600
2014-03-31,15.87,15.93,15.69,15.92,59700
2014-04-01,15.88,16.040001,15.82,16.01,58900
2014-04-02,16.030001,16.24,15.93,16.049999,45000
2014-04-03,15.99,16.129999,15.86,15.98,26500
2014-04-04,16.049999,16.139999,15.78,15.84,42500
2014-04-07,15.99,16.1,15.82,15.9,46200
2014-04-08,15.97,16.25,15.92,15.92,27800
2014-04-09,16,16.110001,15.85,15.99,21700
2014-04-10,16,16.01,15.51,15.7,41100
2014-04-11,15.57,15.94,15.55,15.69,24100
2014-04-14,15.89,16,15.57,15.95,46700
2014-04-15,16.139999,16.139999,15.7,16.049999,26500
2014-04-16,16.09,16.17,15.92,16.120001,25400
2014-04-17,16.049999,16.139999,15.82,16.049999,9400
2014-04-21,16,16.120001,15.82,15.84,18000
2014-04-22,15.93,16.07,15.75,16.07,8500
2014-04-23,15.99,16.030001,15.76,16,31500
2014-04-24,16.049999,16.049999,15.38,15.55,16600
2014-04-25,15.52,16.200001,14.68,15.68,31100
2014-04-28,15.78,15.82,15.51,15.66,30100
2014-04-29,15.68,16,15.51,15.56,25500
2014-04-30,15.47,15.71,15.47,15.61,30400
2014-05-01,15.54,15.66,15.26,15.64,148500
2014-05-02,15.62,15.81,15.62,15.67,36600
2014-05-05,15.69,15.94,15.6,15.8,39200
2014-05-06,15.73,15.79,15.24,15.27,40700
2014-05-07,15.35,15.65,15.23,15.33,30600
2014-05-08,15.19,15.85,15.19,15.37,21200
2014-05-09,15.25,15.75,15.11,15.65,14200
2014-05-12,15.74,16.17,15.74,15.86,22500
2014-05-13,15.88,16.08,15.67,15.99,65700
2014-05-14,15.94,16.200001,15.07,15.13,23200
2014-05-15,15.11,15.41,14.89,15.3,26300
2014-05-16,15.3,15.87,15.05,15.41,18700
2014-05-19,15.3,15.8,15.3,15.79,13600
2014-05-20,15.43,15.78,15.27,15.33,34900
2014-05-21,15.25,15.55,15.22,15.52,24300
2014-05-22,15.51,15.62,15.42,15.57,20300
2014-05-23,15.51,16.049999,15.51,15.98,17500
2014-05-27,16.1,16.16,15.68,15.9,57700
2014-05-28,15.89,16.08,15.65,15.97,15100
2014-05-29,15.81,15.97,15.74,15.97,9900
2014-05-30,16.030001,16.1,15.82,15.83,32400
2014-06-02,15.92,16.110001,15.52,15.68,18100
2014-06-03,15.57,15.68,15.3,15.4,22900
2014-06-04,15.3,15.43,15.15,15.31,27000
2014-06-05,15.12,15.94,15.12,15.89,18600
2014-06-06,16,16.1,15.85,15.89,29800
2014-06-09,15.94,16.25,15.94,16.18,19200
2014-06-10,16.049999,16.15,15.76,15.99,22900
2014-06-11,15.74,16,15.48,15.56,11100
2014-06-12,15.56,15.84,15.28,15.34,13500
2014-06-13,15.45,15.54,15.12,15.27,19200
2014-06-16,15.25,15.54,15.15,15.35,17200
2014-06-17,15.23,15.83,15.23,15.57,20500
2014-06-18,15.71,15.71,15.17,15.44,7700
2014-06-19,15.45,15.49,15.3,15.3,6600
2014-06-20,15.42,15.81,15.31,15.6,65000
2014-06-23,15.55,15.67,15.3,15.47,11300
2014-06-24,15.56,15.81,15.21,15.24,19400
2014-06-25,15.25,15.69,15.15,15.65,16800
2014-06-26,15.72,15.82,15.48,15.57,8700
2014-06-27,15.43,15.78,15.43,15.64,94900
2014-06-30,15.63,15.88,15.41,15.8,12100
2014-07-01,15.85,16.48,15.66,16.25,37200
2014-07-02,16.280001,16.370001,15.61,16,16500
2014-07-03,16.129999,16.33,16.129999,16.23,5900
2014-07-07,16.200001,16.309999,15.77,15.77,17500
2014-07-08,15.82,15.82,15.58,15.59,13600
2014-07-09,15.7,15.73,15.5,15.57,6000
2014-07-10,15.46,15.79,15.44,15.66,23500
2014-07-11,15.6,15.74,15.5,15.58,8100
2014-07-14,15.78,15.82,15.38,15.54,37200
2014-07-15,15.47,15.66,15.26,15.31,26300
2014-07-16,15.45,15.59,15.15,15.27,26800
2014-07-17,15.32,15.5,14.66,14.98,43500
2014-07-18,14.93,15.48,14.9,15.38,41500
2014-07-21,15.5,16.120001,15.05,15.37,12500
2014-07-22,15.43,15.94,15.29,15.52,14500
2014-07-23,15.6,15.77,15.47,15.68,25000
2014-07-24,15.67,15.8,15.51,15.59,16000
2014-07-25,15.6,15.88,15.47,15.55,18800
2014-07-28,15.57,15.93,15.48,15.76,18600
2014-07-29,15.78,15.84,15.6,15.78,11300
2014-07-30,15.94,15.96,15.78,15.96,12200
2014-07-31,15.72,15.89,15.72,15.8,42800
2014-08-01,15.87,15.94,15.46,15.62,21400
2014-08-04,15.74,15.74,15.38,15.65,14800
2014-08-05,15.52,15.65,15.44,15.57,12700
2014-08-06,15.5,15.6,15.5,15.59,18600
2014-08-07,15.58,15.69,15.42,15.58,13400
2014-08-08,15.67,16,15.67,15.89,19700
2014-08-11,16.040001,16.18,15.99,16.09,34100
2014-08-12,15.96,16.049999,15.92,15.95,16000
2014-08-13,15.95,16.15,15.95,16,17400
2014-08-14,16.059999,16.1,15.95,16,9600
2014-08-15,16.18,16.18,15.92,16,32000
2014-08-18,16.07,16.440001,16.07,16.4,18000
2014-08-19,16.379999,16.4,16.34,16.379999,11000
2014-08-20,16.32,16.32,16.200001,16.290001,10200
2014-08-21,16.190001,16.4,16.1,16.35,17900
2014-08-22,16.35,16.450001,16.209999,16.360001,14100
2014-08-25,16.389999,16.5,16.26,16.43,19700
2014-08-26,16.469999,16.65,16.469999,16.6,19500
2014-08-27,16.549999,16.870001,16.52,16.76,18500
2014-08-28,16.74,16.870001,16.66,16.709999,16400
2014-08-29,16.76,17.49,16.75,17.370001,49700
2014-09-02,17.42,17.68,17.379999,17.540001,31700
2014-09-03,17.66,17.66,17.41,17.450001,11100
2014-09-04,17.450001,17.610001,17.360001,17.450001,12100
2014-09-05,17.370001,17.48,17.34,17.389999,8700
2014-09-08,17.360001,17.51,17.309999,17.5,11500
2014-09-09,17.4,17.450001,17.08,17.110001,20000
2014-09-10,16.889999,17.17,16.889999,17.139999,15400
2014-09-11,17.299999,17.950001,17.18,17.65,58100
2014-09-12,17.780001,17.92,17.65,17.719999,27800
2014-09-15,17.82,17.889999,17.42,17.52,24200
2014-09-16,17.440001,17.73,17.43,17.450001,22400
2014-09-17,17.690001,17.85,17.42,17.559999,32400
2014-09-18,17.690001,17.85,17.42,17.790001,21700
2014-09-19,17.84,17.9,17.549999,17.6,32500
2014-09-22,17.51,17.700001,17.379999,17.58,26500
2014-09-23,17.57,17.639999,17.23,17.450001,26200
2014-09-24,17.49,17.49,17.24,17.27,14900
2014-09-25,17.280001,17.65,16.82,17.25,85400
2014-09-26,17.25,17.4,17.200001,17.280001,7500
2014-09-29,17.09,17.41,16.940001,17.01,18600
2014-09-30,17.049999,17.219999,16.75,16.76,34800
2014-10-01,16.799999,17.129999,16.530001,16.610001,27700
2014-10-02,16.620001,16.99,16.620001,16.870001,21000
2014-10-03,17.059999,17.290001,16.9,16.950001,23000
2014-10-06,16.959999,17.209999,16.75,16.85,17200
2014-10-07,16.74,17.200001,16.66,16.68,12000
2014-10-08,16.73,17.4,16.700001,17.33,22600
2014-10-09,17,17.57,16.440001,16.49,28900
2014-10-10,16.379999,16.950001,16.379999,16.6,17700
2014-10-13,16.780001,17.379999,16.780001,17.219999,23700
2014-10-14,17.43,17.559999,16.91,17.32,35800
2014-10-15,17.07,17.360001,16.860001,17.02,29300
2014-10-16,16.75,17.49,16.75,17.33,21000
2014-10-17,17.58,17.59,16.860001,16.969999,28700
2014-10-20,16.75,16.77,16,16.440001,24900
2014-10-21,16.42,16.6,16.1,16.190001,14100
2014-10-22,16.1,16.1,15.75,15.76,23000
2014-10-23,15.92,16.42,15.87,16.379999,24000
2014-10-24,16.42,17.4,16.42,16.48,22900
2014-10-27,16.51,16.59,16.290001,16.370001,30200
2014-10-28,16.370001,17.110001,16.370001,17.09,45400
2014-10-29,17.040001,17.15,16.780001,17.01,28100
2014-10-30,16.9,17.049999,16.07,17.01,31600
2014-10-31,17.209999,17.469999,16.91,17.16,50900
2014-11-03,17.1,17.15,16.93,17,26300
2014-11-04,16.889999,17.08,16.889999,16.940001,14200
2014-11-05,17.120001,17.200001,16.860001,17.17,17700
2014-11-06,17.01,17.459999,17.01,17.43,12100
2014-11-07,17.379999,17.379999,17.120001,17.209999,23800
2014-11-10,17.16,17.469999,17.16,17.4,11900
2014-11-11,17.299999,17.33,17.110001,17.15,23400
2014-11-12,17,17.469999,16.99,17.450001,17000
2014-11-13,17.469999,17.469999,17.219999,17.360001,17500
2014-11-14,17.41,17.42,17.15,17.16,16300
2014-11-17,17.030001,17.139999,16.76,16.870001,12300
2014-11-18,16.92,16.940001,16.370001,16.77,12700
2014-11-19,16.469999,16.5,16.07,16.200001,14900
2014-11-20,16.09,16.41,16.09,16.35,8400
2014-11-21,16.66,16.74,16.459999,16.51,15300
2014-11-24,16.25,16.799999,16.24,16.450001,41600
2014-11-25,16.549999,16.549999,16.01,16.09,33800
2014-11-26,15.94,16.309999,15.94,16.25,8200
2014-11-28,16.129999,16.24,15.82,15.87,9200
2014-12-01,15.85,16.01,15.63,15.63,12500
2014-12-02,15.93,16.07,15.7,15.8,13500
2014-12-03,15.87,16.08,15.7,15.9,17600
2014-12-04,15.53,16.08,15.53,15.9,9700
2014-12-05,15.88,16.23,15.88,16.049999,15800
2014-12-08,16.139999,16.299999,16,16.02,9200
2014-12-09,15.93,16.73,15.8,16.719999,17800
2014-12-10,16.610001,16.709999,16.139999,16.17,30900
2014-12-11,16.26,16.41,16.17,16.379999,15300
2014-12-12,16.120001,16.450001,15.76,15.76,9800
2014-12-15,15.85,16.110001,15.8,15.9,12600
2014-12-16,15.75,16.24,15.74,15.92,11100
2014-12-17,15.86,17.01,15.86,16.91,18400
2014-12-18,17.01,17.299999,16.98,17.190001,21200
2014-12-19,17.139999,17.49,17.110001,17.370001,56100
2014-12-22,17.23,17.4,17.200001,17.309999,8200
2014-12-23,17.360001,17.65,17.02,17.459999,13600
2014-12-24,17.549999,17.65,17.469999,17.610001,8000
2014-12-26,17.639999,17.65,17.51,17.6,7500
2014-12-29,17.65,17.940001,17.639999,17.75,10900
2014-12-30,17.66,17.91,17.41,17.58,17200
2014-12-31,18,18,17.440001,17.559999,10300
2015-01-02,17.620001,17.639999,17,17.18,4700
2015-01-05,17.18,17.26,16.74,16.780001,7700
2015-01-06,16.74,16.860001,16.25,16.34,8700
2015-01-07,16.5,16.5,16.219999,16.49,6700
2015-01-08,16.6,16.620001,16.440001,16.530001,14600
2015-01-09,16.58,16.58,16.110001,16.110001,9400
2015-01-12,16.110001,16.110001,15.55,15.63,22600
2015-01-13,15.74,16.23,15.53,15.81,27200
2015-01-14,15.57,15.69,15.42,15.59,12100
2015-01-15,15.6,15.6,15.19,15.22,13500
2015-01-16,15.16,15.89,15.16,15.82,11400
2015-01-20,15.65,16,15.65,15.91,10000
2015-01-21,15.78,16.110001,15.72,15.96,10800
2015-01-22,16.17,16.75,15.82,16.73,25800
2015-01-23,16.780001,16.780001,16.129999,16.299999,12400
2015-01-26,16.24,16.42,16.23,16.389999,7600
2015-01-27,16.129999,16.190001,15.52,16.17,9100
2015-01-28,16.200001,16.219999,15.87,15.9,14700
2015-01-29,15.88,16.34,15.88,16.32,6400
2015-01-30,16.129999,16.43,15.84,15.84,20700
2015-02-02,15.96,16.190001,15.76,16.190001,9800
2015-02-03,16.469999,16.870001,16.32,16.450001,17000
2015-02-04,16.469999,16.59,16.16,16.24,9800
2015-02-05,16.4,16.639999,16.309999,16.540001,14100
2015-02-06,16.610001,16.9,16.59,16.780001,15600
2015-02-09,16.780001,16.91,16.48,16.690001,20500
2015-02-10,16.879999,16.879999,16.59,16.66,12200
2015-02-11,16.57,16.76,16.51,16.620001,7600
2015-02-12,16.75,16.83,16.559999,16.82,8400
2015-02-13,16.82,16.950001,16.559999,16.75,15700
2015-02-17,16.82,17,16.82,16.82,5700
2015-02-18,16.84,16.889999,16.49,16.65,7800
2015-02-19,16.389999,16.76,16.389999,16.549999,2100
2015-02-20,16.58,16.66,16.32,16.530001,12700
2015-02-23,16.43,16.540001,16.32,16.370001,8700
2015-02-24,16.559999,16.559999,16.280001,16.33,3800
2015-02-25,16.360001,16.559999,16.360001,16.5,3100
2015-02-26,16.540001,16.57,16.200001,16.360001,10700
2015-02-27,16.309999,16.559999,16.18,16.18,7700
2015-03-02,16.200001,16.309999,15.96,16.299999,9200
2015-03-03,16.32,16.48,16.209999,16.440001,11400
2015-03-04,16.309999,16.450001,16.07,16.18,6400
2015-03-05,16.25,16.459999,16.16,16.34,5400
2015-03-06,16.25,16.82,16.09,16.139999,12000
2015-03-09,16.23,16.27,16.17,16.23,6400
2015-03-10,16.09,16.299999,16.09,16.209999,8100
2015-03-11,16.4,16.4,16.049999,16.1,11300
2015-03-12,16.290001,16.58,16.290001,16.530001,18000
2015-03-13,16.559999,16.889999,16.379999,16.66,5400
2015-03-16,16.700001,16.74,16.26,16.620001,5700
2015-03-17,16.559999,16.780001,16.469999,16.57,5800
2015-03-18,16.549999,16.889999,16.530001,16.59,29300
2015-03-19,16.360001,16.540001,16.360001,16.49,6400
2015-03-20,16.48,16.549999,16.43,16.530001,37100
2015-03-23,16.450001,16.68,16.33,16.530001,10400
2015-03-24,16.42,16.700001,16.42,16.68,19100
2015-03-25,16.68,17,16.68,16.879999,70100
2015-03-26,17,17,16.85,16.879999,6600
2015-03-27,16.860001,16.99,16.85,16.98,8800
2015-03-30,17,17,16.309999,16.879999,13100
2015-03-31,16.83,16.85,16.59,16.700001,9200
2015-04-01,16.6,16.799999,16.459999,16.790001,8700
2015-04-02,16.879999,16.879999,16.690001,16.73,70300
2015-04-06,16.6,17,16.530001,16.809999,13300
2015-04-07,16.84,16.940001,16.65,16.84,6700
2015-04-08,16.76,16.92,16.540001,16.73,7400
2015-04-09,16.6,16.950001,16.52,16.75,11700
2015-04-10,16.799999,16.799999,16.540001,16.629999,8600
2015-04-13,16.809999,16.809999,16.58,16.690001,9400
2015-04-14,16.52,16.73,16.5,16.690001,9800
2015-04-15,16.82,16.82,16.459999,16.73,24800
2015-04-16,16.6,16.780001,16.6,16.690001,4000
2015-04-17,16.540001,16.65,16.16,16.290001,17100
2015-04-20,16.34,16.68,16.299999,16.58,8800
2015-04-21,16.639999,16.780001,16.4,16.42,11400
2015-04-22,16.27,16.74,16.27,16.58,29000
2015-04-23,16.610001,16.610001,16.450001,16.549999,3400
2015-04-24,16.57,16.59,16.379999,16.52,21800
2015-04-27,16.68,16.68,16.34,16.59,34100
2015-04-28,16.030001,16.76,16.030001,16.66,18300
2015-04-29,16.4,16.809999,16.4,16.639999,14400
2015-04-30,16.6,16.620001,16.17,16.379999,33000
2015-05-01,16.51,16.629999,16.24,16.42,29700
2015-05-04,16.549999,16.639999,16.42,16.51,13100
2015-05-05,16.690001,17.200001,16.620001,16.76,91800
2015-05-06,16.83,16.959999,16.639999,16.82,15100
2015-05-07,16.82,16.889999,16.629999,16.85,24500
2015-05-08,17.030001,17.030001,16.809999,16.889999,12800
2015-05-11,16.959999,17.139999,16.83,16.92,11800
2015-05-12,16.9,16.98,16.73,16.809999,13000
2015-05-13,16.860001,17.1,16.790001,16.889999,18100
2015-05-14,16.950001,16.950001,16.73,16.870001,26200
2015-05-15,16.889999,16.969999,16.73,16.809999,15400
2015-05-18,16.879999,17.049999,16.74,16.860001,26300
2015-05-19,16.84,17.1,16.84,17,12000
2015-05-20,17.030001,17.030001,16.870001,16.93,8900
2015-05-21,16.85,17.049999,16.83,16.91,16000
2015-05-22,16.860001,17,16.809999,16.83,35900
2015-05-26,16.889999,17.040001,16.799999,16.85,47300
2015-05-27,16.959999,17.030001,16.889999,16.99,11500
2015-05-28,16.98,16.98,16.860001,16.92,13800
2015-05-29,16.969999,17.209999,16.799999,16.860001,12200
2015-06-01,17.059999,17.059999,16.629999,16.700001,23300
2015-06-02,16.58,16.99,16.58,16.959999,12700
2015-06-03,17.02,17.200001,16.950001,17.1,22400
2015-06-04,17.02,17.120001,16.860001,16.860001,10900
2015-06-05,16.92,17.209999,16.860001,17.059999,58700
2015-06-08,17.09,17.379999,17.08,17.15,61900
2015-06-09,17.08,17.25,17.08,17.16,38700
2015-06-10,17.059999,17.42,17.059999,17.209999,38800
2015-06-11,17.290001,17.290001,17.120001,17.15,17800
2015-06-12,17.1,17.200001,16.870001,16.889999,31400
2015-06-15,16.860001,17.02,16.709999,16.74,60200
2015-06-16,16.65,16.83,16.65,16.799999,39900
2015-06-17,16.85,16.85,16.52,16.65,18500
2015-06-18,16.700001,16.75,16.51,16.74,27000
2015-06-19,16.700001,16.790001,16.639999,16.700001,60400
2015-06-22,16.799999,16.870001,16.719999,16.75,31900
2015-06-23,16.76,16.9,16.74,16.870001,49700
2015-06-24,16.85,17.01,16.809999,16.9,28000
2015-06-25,16.98,17.219999,16.860001,17.200001,29500
2015-06-26,17.129999,17.379999,17.110001,17.379999,157600
2015-06-29,17.26,17.4,16.790001,17.110001,28000
2015-06-30,17.32,17.32,17.059999,17.309999,21000
2015-07-01,17.48,17.5,17.18,17.25,26800
2015-07-02,17.18,17.18,16.780001,16.91,31800
2015-07-06,16.799999,17.219999,16.799999,17.08,26800
2015-07-07,16.98,17.02,16.610001,16.83,23700
2015-07-08,16.73,16.790001,16.639999,16.719999,34000
2015-07-09,16.950001,17.02,16.700001,16.790001,10600
2015-07-10,16.9,17.09,16.83,17.040001,13900
2015-07-13,17.110001,17.219999,17.01,17.219999,9500
2015-07-14,17.190001,17.379999,17.18,17.35,12100
2015-07-15,17.379999,17.48,17.25,17.290001,10900
2015-07-16,17.4,17.700001,17.379999,17.610001,12400
2015-07-17,17.57,17.860001,17.48,17.690001,15500
2015-07-20,17.889999,18.1,17.450001,18.01,23800
2015-07-21,18.1,18.139999,17.969999,18.02,10000
2015-07-22,18.049999,18.07,17.51,17.559999,14800
2015-07-23,17.6,17.66,16.940001,16.950001,28100
2015-07-24,16.889999,17.059999,16.790001,16.85,18100
2015-07-27,16.84,16.84,16.280001,16.709999,19900
2015-07-28,16.610001,16.610001,16.280001,16.49,27500
2015-07-29,16.52,16.6,16.370001,16.459999,39100
2015-07-30,16.48,16.6,16.42,16.58,9400
2015-07-31,16.549999,16.98,16.469999,16.6,15300
2015-08-03,16.870001,16.92,16.370001,16.469999,14000
2015-08-04,16.540001,16.690001,16.440001,16.5,15800
2015-08-05,16.559999,16.74,16.559999,16.690001,9900
2015-08-06,16.719999,16.75,16.48,16.57,17700
2015-08-07,16.469999,16.73,16.469999,16.540001,10400
2015-08-10,16.690001,16.99,16.639999,16.83,20200
2015-08-11,16.690001,16.98,16.690001,16.940001,12700
2015-08-12,16.870001,16.889999,16.530001,16.65,19100
2015-08-13,16.709999,16.950001,16.709999,16.9,18400
2015-08-14,16.84,17.25,16.84,17.23,12500
2015-08-17,16.959999,17.58,16.959999,17.5,9000
2015-08-18,17.5,17.700001,17.200001,17.459999,9700
2015-08-19,17.530001,17.82,17.389999,17.639999,19900
2015-08-20,17.59,17.6,17.01,17.030001,22600
2015-08-21,16.75,17.120001,16.75,16.99,28600
2015-08-24,16.5,16.5,16.450001,16.450001,27200
2015-08-25,16.93,16.93,16.51,16.549999,18400
2015-08-26,16.84,16.889999,16.389999,16.82,14900
2015-08-27,16.99,16.99,16.610001,16.68,12900
2015-08-28,16.68,16.98,16.68,16.85,12900
2015-08-31,16.83,17,16.690001,17,26400
2015-09-01,16.719999,16.940001,16.459999,16.51,18800
2015-09-02,16.700001,16.940001,16.540001,16.9,38500
2015-09-03,16.809999,16.99,16.799999,16.84,14400
2015-09-04,16.700001,16.99,16.51,16.559999,7500
2015-09-08,16.77,16.889999,16.620001,16.790001,17000
2015-09-09,16.91,16.91,16.41,16.52,38800
2015-09-10,16.52,16.59,16.43,16.52,10500
2015-09-11,16.41,16.49,16.360001,16.49,23400
2015-09-14,16.49,16.49,15.95,16.379999,7800
2015-09-15,16.33,16.459999,16.33,16.4,16600
2015-09-16,16.389999,16.709999,16.25,16.68,19300
2015-09-17,16.639999,16.940001,16.549999,16.610001,17900
2015-09-18,16.370001,16.42,16.110001,16.25,36100
2015-09-21,16.379999,16.379999,16.27,16.290001,11200
2015-09-22,16.120001,16.690001,16.120001,16.549999,15000
2015-09-23,16.52,16.73,16.52,16.65,10600
2015-09-24,16.540001,16.969999,16.41,16.620001,25200
2015-09-25,16.77,16.77,16.309999,16.389999,12300
2015-09-28,16.299999,16.35,15.95,15.96,29300
2015-09-29,16,16.07,15.8,15.89,7900
2015-09-30,15.96,16.1,15.9,15.96,28200
2015-10-01,16,16.1,15.9,16.01,16100
2015-10-02,15.85,15.97,15.5,15.92,22300
2015-10-05,15.95,16.450001,15.68,16.42,11600
2015-10-06,16.309999,16.620001,16.18,16.379999,30900
2015-10-07,16.5,16.76,16.48,16.709999,18100
2015-10-08,16.73,16.969999,16.530001,16.65,42700
2015-10-09,16.620001,16.709999,16.469999,16.58,13400
2015-10-12,16.620001,16.620001,16.200001,16.290001,19200
2015-10-13,16.290001,16.459999,16.15,16.15,9100
2015-10-14,15.91,16.16,15.77,15.83,8700
2015-10-15,15.92,16.540001,15.78,16.42,18000
2015-10-16,16.5,16.5,16.059999,16.41,11300
2015-10-19,16.610001,16.809999,16.059999,16.700001,28900
2015-10-20,16.4,16.9,16.26,16.610001,11400
2015-10-21,16.67,16.67,16.120001,16.129999,7700
2015-10-22,16.33,16.59,16.290001,16.48,13800
2015-10-23,16.48,16.780001,16.48,16.700001,21000
2015-10-26,16.610001,16.91,15.76,16.9,22200
2015-10-27,16.799999,16.799999,15.96,15.96,26500
2015-10-28,16.02,16.790001,15.8,16.74,33100
2015-10-29,16.74,16.85,16.43,16.74,11700
2015-10-30,16.790001,16.790001,16.1,16.209999,28300
2015-11-02,16.25,16.59,16.25,16.540001,8500
2015-11-03,16.540001,16.709999,16.440001,16.5,10400
2015-11-04,16.690001,16.780001,16.5,16.639999,12700
2015-11-05,16.639999,16.85,16.57,16.84,13700
2015-11-06,17.02,17.530001,17.02,17.450001,24500
2015-11-09,17.4,17.5,17.370001,17.450001,12200
2015-11-10,17.4,17.4,17.18,17.25,7600
2015-11-11,17.379999,17.5,17.379999,17.440001,17200
2015-11-12,17.33,17.33,16.99,17.040001,8200
2015-11-13,16.940001,17.43,16.92,17.27,12700
2015-11-16,17.309999,17.379999,17.200001,17.379999,8200
2015-11-17,17.379999,17.459999,17.08,17.209999,24800
2015-11-18,17.25,17.360001,17,17.299999,16000
2015-11-19,17.290001,17.559999,17.219999,17.52,20400
2015-11-20,17.52,17.969999,17.52,17.84,14300
2015-11-23,17.83,17.98,17.68,17.75,5800
2015-11-24,17.719999,17.82,17.469999,17.6,12800
2015-11-25,17.51,17.709999,17.49,17.67,4100
2015-11-27,17.65,17.75,17.629999,17.74,5700
2015-11-30,17.75,17.99,17.73,17.84,21800
2015-12-01,17.860001,17.99,17.860001,17.870001,10300
2015-12-02,17.860001,18,17.860001,17.959999,16700
2015-12-03,17.98,18.17,17.809999,17.959999,15700
2015-12-04,17.950001,18.49,17.809999,18.440001,16900
2015-12-07,18.360001,18.360001,17.82,17.879999,12300
2015-12-08,17.75,18.120001,17.690001,18,12900
2015-12-09,18.139999,18.18,17.879999,18.01,18700
2015-12-10,18.01,18.129999,17.950001,18.01,17000
2015-12-11,17.940001,18.200001,17.85,18.01,34100
2015-12-14,18,18.200001,17.98,18.08,15700
2015-12-15,18.190001,18.33,17.99,18.110001,15800
2015-12-16,18.110001,18.389999,18.07,18.299999,14400
2015-12-17,18.07,19.129999,18.07,18.709999,89900
2015-12-18,18.6,18.790001,18.110001,18.200001,53100
2015-12-21,18.34,18.469999,17.540001,17.780001,12300
2015-12-22,17.75,18.049999,17.75,17.959999,13100
2015-12-23,17.85,18.02,17.719999,17.77,7200
2015-12-24,17.790001,18.01,17.5,17.809999,4800
2015-12-28,17.799999,17.84,17.65,17.75,20000
2015-12-29,17.709999,18.01,17.690001,17.959999,4600
2015-12-30,18.030001,18.030001,17.67,17.67,10200
2015-12-31,17.700001,17.799999,17.620001,17.65,20500
2016-01-04,17.209999,17.58,17,17.51,32100
2016-01-05,17.780001,18.02,17.51,17.99,19600
2016-01-06,17.82,18.07,17.74,17.85,21800
2016-01-07,17.75,17.75,17.15,17.15,20300
2016-01-08,17.15,17.43,16.77,16.82,15000
2016-01-11,16.77,17.139999,16.77,17.08,12100
2016-01-12,17.190001,17.290001,16.91,17.16,15800
2016-01-13,17.200001,17.200001,16.209999,16.379999,13500
2016-01-14,16.379999,16.639999,16.23,16.4,14500
2016-01-15,15.93,16.219999,15.78,15.99,22600
2016-01-19,16.27,16.35,15.95,16.190001,12800
2016-01-20,16.01,17.059999,16,17,19400
2016-01-21,16.9,17.530001,16.17,16.459999,37300
2016-01-22,16.52,17.299999,16.5,16.969999,17200
2016-01-25,16.98,17.049999,16.65,16.82,14300
2016-01-26,17.030001,17.719999,17.030001,17.6,18500
2016-01-27,17.639999,17.99,17.43,17.67,14600
2016-01-28,17.85,18.129999,17.85,17.969999,20300
2016-01-29,18,18.41,18,18.200001,153200
2016-02-01,18.26,18.290001,17.790001,17.84,26800
2016-02-02,17.690001,17.91,17.530001,17.59,35300
2016-02-03,17.559999,17.73,17.049999,17.42,28700
2016-02-04,17.5,17.790001,17.219999,17.34,32600
2016-02-05,17.370001,17.450001,16.84,16.85,56100
2016-02-08,16.82,17.299999,16.52,17.16,85100
2016-02-09,16.9,17.139999,16.77,16.98,27300
2016-02-10,17.17,17.24,16.889999,16.93,32400
2016-02-11,16.65,17.33,16.65,17.200001,14200
2016-02-12,17.469999,17.52,17.190001,17.459999,26900
2016-02-16,17.32,17.639999,17.15,17.25,66500
2016-02-17,17.32,17.41,17.18,17.280001,47000
2016-02-18,17.360001,17.469999,17.18,17.25,21800
2016-02-19,17.25,17.77,17.25,17.299999,71400
2016-02-22,17.58,19.049999,17.58,17.77,65400
2016-02-23,17.790001,18.379999,17.469999,17.610001,50700
2016-02-24,17.51,18.4,17.4,18.389999,29000
2016-02-25,18.360001,18.879999,18.299999,18.370001,112000
2016-02-26,18.459999,18.879999,18.459999,18.75,42100
2016-02-29,18.57,18.950001,17.860001,18.77,54900
2016-03-01,18.950001,19.17,18.33,19.17,75500
2016-03-02,19.02,19.690001,18.98,19.67,65800
2016-03-03,19.610001,20.4,19.059999,19.360001,41500
2016-03-04,19.33,21.700001,19.33,19.42,49800
2016-03-07,19.34,19.809999,18.84,19.5,46800
2016-03-08,19.450001,19.629999,19.27,19.35,46800
2016-03-09,19.5,19.549999,19.200001,19.379999,12800
2016-03-10,19.35,19.51,18.58,18.83,27000
2016-03-11,18.870001,19.299999,18.709999,19.25,24000
2016-03-14,19.01,19.139999,18.76,19.030001,25800
2016-03-15,18.85,19.08,18.809999,18.83,15200
2016-03-16,18.690001,19.049999,18.309999,18.65,23300
2016-03-17,18.66,18.91,18.49,18.76,19500
2016-03-18,18.9,19.4,18.51,19.08,60700
2016-03-21,19.15,19.17,18.700001,18.77,41000
2016-03-22,18.700001,18.780001,18.57,18.620001,12800
2016-03-23,18.52,18.84,18.040001,18.08,35700
2016-03-24,17.99,18.02,17.66,17.75,83800
2016-03-28,17.85,18.200001,17.629999,17.790001,72700
2016-03-29,17.84,17.99,17.700001,17.85,98100
2016-03-30,17.82,18.32,17.82,18.24,62200
2016-03-31,18.24,18.4,18.120001,18.15,73400
2016-04-01,18.110001,18.200001,17.9,17.950001,81600
2016-04-04,18.049999,18.33,17.77,17.940001,87900
2016-04-05,17.879999,18,17.66,17.67,18600
2016-04-06,17.67,17.67,17.219999,17.440001,22000
2016-04-07,17.24,17.68,16.950001,17.1,27900
2016-04-08,17.17,17.450001,16.9,17.059999,20800
2016-04-11,16.99,17.530001,16.940001,17.01,26100
2016-04-12,16.98,17.6,16.98,17.49,19600
2016-04-13,17.530001,18.379999,17,18.1,29300
2016-04-14,17.950001,18.219999,17.82,18,59100
2016-04-15,17.860001,18.610001,17.700001,18.379999,31200
2016-04-18,18.049999,18.58,18.049999,18.389999,41900
2016-04-19,18.280001,18.49,18.110001,18.41,52900
2016-04-20,18.67,19.049999,18.6,18.65,50700
2016-04-21,18.73,18.76,18.42,18.469999,80400
2016-04-22,18.52,18.75,18.43,18.719999,35800
2016-04-25,18.15,18.969999,18.15,18.4,20700
2016-04-26,18.27,18.27,17.92,18.18,42100
2016-04-27,18.139999,18.209999,17.709999,17.790001,51900
2016-04-28,17.73,17.75,17.110001,17.639999,66700
2016-04-29,17.51,17.84,17.25,17.610001,55000
2016-05-02,17.719999,17.9,16.9,17.129999,71100
2016-05-03,17.049999,17.049999,16.549999,16.57,90500
2016-05-04,16.5,16.790001,16.290001,16.5,115400
2016-05-05,16.52,16.84,16.5,16.65,47300
2016-05-06,16.549999,16.99,16.43,16.75,42700
2016-05-09,16.83,17.290001,16.690001,16.799999,32800
2016-05-10,16.889999,17.25,16.77,17.18,30400
2016-05-11,17.09,18.719999,16.92,17.01,29700
2016-05-12,17.08,17.200001,16.799999,17.18,17900
2016-05-13,17.17,17.17,16.85,16.91,20200
2016-05-16,17.02,17.290001,16.940001,17.15,20400
2016-05-17,16.950001,17.1,16.43,16.57,73000
2016-05-18,17.530001,17.940001,16.879999,16.91,65700
2016-05-19,16.99,17.309999,16.719999,17.110001,35600
2016-05-20,17.209999,17.48,16.92,17.08,25900
2016-05-23,17.15,17.34,17.040001,17.24,35800
2016-05-24,17.16,17.700001,17.16,17.59,15400
2016-05-25,17.59,17.780001,17.389999,17.4,10000
2016-05-26,17.299999,17.58,17.299999,17.41,12100
2016-05-27,17.48,17.48,17.33,17.389999,7500
2016-05-31,17.51,17.51,17.200001,17.27,12100
2016-06-01,17.219999,17.92,17.209999,17.34,19300
2016-06-02,16.809999,17.379999,16.809999,17.34,13400
2016-06-03,17.280001,17.280001,16.870001,16.92,19900
2016-06-06,16.99,17.360001,16.92,17.17,20700
2016-06-07,17.26,17.26,16.92,16.950001,10400
2016-06-08,16.950001,17.059999,16.83,16.959999,23200
2016-06-09,16.940001,17.1,16.809999,17.049999,32600
2016-06-10,17.120001,17.360001,16.6,17,31200
2016-06-13,17.09,17.700001,17.09,17.65,34800
2016-06-14,17.68,17.99,17.290001,17.48,13600
2016-06-15,16.889999,17.469999,16.889999,17.08,13500
2016-06-16,16.940001,17.26,16.940001,17.16,15100
2016-06-17,17.219999,17.219999,17.049999,17.200001,64700
2016-06-20,17.450001,17.66,17.440001,17.49,12900
2016-06-21,17.51,17.59,17.129999,17.450001,15300
2016-06-22,17.450001,17.610001,17.33,17.450001,19400
2016-06-23,17.67,17.76,17.51,17.700001,26400
2016-06-24,17.040001,17.25,16.75,16.99,51300
2016-06-27,16.82,16.82,16.35,16.389999,30400
2016-06-28,16.52,16.6,16.27,16.360001,46600
2016-06-29,16.51,16.65,16.360001,16.6,26400
2016-06-30,16.639999,16.76,16.49,16.690001,20200
2016-07-01,16.68,16.790001,16.34,16.469999,14500
2016-07-05,16.379999,16.379999,15.78,15.78,40900
2016-07-06,15.72,16,15.71,15.89,23300
2016-07-07,15.82,16.01,15.61,15.78,86500
2016-07-08,15.83,16.41,15.83,16.379999,25400
2016-07-11,16.35,16.76,16.35,16.700001,23900
2016-07-12,16.74,17.08,16.74,16.969999,28500
2016-07-13,16.940001,17.190001,16.940001,17.17,21600
2016-07-14,17.26,17.26,17.08,17.120001,15400
2016-07-15,17.299999,17.299999,17.15,17.209999,34900
2016-07-18,17.139999,17.309999,17.1,17.25,37100
2016-07-19,17.32,17.32,17.15,17.25,10300
2016-07-20,17.190001,17.41,17.16,17.370001,23000
2016-07-21,17.23,17.450001,17.23,17.4,21900
2016-07-22,17.379999,17.59,17.32,17.540001,15200
2016-07-25,17.459999,17.68,17.459999,17.610001,24600
2016-07-26,17.6,17.65,17.58,17.65,25300
2016-07-27,17.6,17.74,17.5,17.700001,21700
2016-07-28,17.719999,17.76,17.370001,17.76,31900
2016-07-29,17.43,18,16.98,17.879999,48400
2016-08-01,17.950001,18.23,17.889999,18.209999,35200
2016-08-02,17.92,18,17.48,17.51,46300
2016-08-03,17.629999,17.629999,17.360001,17.49,23100
2016-08-04,17.49,17.719999,17.32,17.6,16900
2016-08-05,17.76,18.219999,17.59,18.139999,18000
2016-08-08,18.17,18.23,17.91,17.950001,26100
2016-08-09,18.09,18.200001,17.959999,18.059999,25200
2016-08-10,17.969999,18.1,17.85,18.059999,20600
2016-08-11,17.99,18.219999,17.950001,18.16,18500
2016-08-12,18.08,18.219999,17.9,17.92,47800
2016-08-15,18.01,18.040001,17.84,17.879999,19400
2016-08-16,17.809999,18.049999,17.77,17.969999,18300
2016-08-17,18.07,18.07,17.92,17.92,9600
2016-08-18,17.98,18.040001,17.870001,18.01,24100
2016-08-19,18.040001,18.07,17.85,17.879999,19800
2016-08-22,17.98,18.07,17.84,17.9,15900
2016-08-23,17.889999,18.200001,17.809999,17.84,21500
2016-08-24,17.809999,18.1,17.809999,18.030001,28000
2016-08-25,18.07,18.219999,17.99,18.209999,19000
2016-08-26,18.18,18.219999,18.02,18.129999,5900
2016-08-29,18.110001,18.190001,18.07,18.15,8300
2016-08-30,18.200001,18.26,18.120001,18.209999,34800
2016-08-31,18.25,18.299999,18.120001,18.23,30100
2016-09-01,18.190001,18.190001,17.950001,18.08,23100
2016-09-02,18.110001,18.309999,17.889999,18.299999,29300
2016-09-06,18.209999,18.26,17.73,17.99,76100
2016-09-07,18.01,18.42,18.01,18.219999,27300
2016-09-08,18.219999,18.450001,18.200001,18.41,27000
2016-09-09,18.299999,18.440001,18.200001,18.299999,55900
2016-09-12,18.18,18.299999,18.049999,18.17,22000
2016-09-13,18.030001,18.120001,17.889999,17.91,27300
2016-09-14,17.91,18.190001,17.91,17.959999,16500
2016-09-15,17.99,18.15,17.99,18.129999,13000
2016-09-16,18.15,18.5,18.049999,18.389999,54800
2016-09-19,18.360001,18.639999,18.360001,18.540001,21300
2016-09-20,18.6,18.68,18.43,18.52,12800
2016-09-21,18.610001,18.690001,18.549999,18.67,11400
2016-09-22,18.65,18.82,18.639999,18.74,26200
2016-09-23,18.75,18.76,18.58,18.629999,9800
2016-09-26,18.540001,18.540001,18.01,18.07,19700
2016-09-27,18.08,18.299999,17.959999,18.24,12200
2016-09-28,18.200001,18.459999,18.040001,18.43,18700
2016-09-29,18.48,18.48,18.16,18.209999,10700
2016-09-30,18.299999,18.870001,18.299999,18.76,19400
2016-10-03,18.73,18.73,18.23,18.290001,10600
2016-10-04,18.33,18.459999,17.92,18.32,88000
2016-10-05,18.59,18.74,18.41,18.66,76500
2016-10-06,18.469999,18.74,18.41,18.68,5800
2016-10-07,18.51,18.99,18.51,18.879999,18300
2016-10-10,18.969999,19.1,18.940001,19.07,8300
2016-10-11,19.09,19.139999,18.719999,18.719999,12000
2016-10-12,18.969999,18.99,18.709999,18.84,4300
2016-10-13,18.67,18.67,18.32,18.379999,9600
2016-10-14,18.4,18.4,18.08,18.33,44800
2016-10-17,18.1,18.469999,18.040001,18.450001,45600
2016-10-18,18.450001,18.719999,17.639999,18.33,41700
2016-10-19,18.450001,18.639999,18.34,18.379999,11200
2016-10-20,18.58,18.58,18.139999,18.4,21400
2016-10-21,18.32,18.43,18.190001,18.290001,20800
2016-10-24,18.27,18.610001,17.620001,18.049999,86800
2016-10-25,18.1,18.469999,18.049999,18.32,144300
2016-10-26,18.799999,19.299999,18.360001,18.360001,18600
2016-10-27,18.530001,18.65,18.16,18.200001,12300
2016-10-28,18.469999,18.469999,17.690001,17.84,23600
2016-10-31,17.82,17.950001,17.67,17.860001,25900
2016-11-01,17.870001,18.030001,17.65,17.65,12300
2016-11-02,17.33,17.82,17.25,17.34,14400
2016-11-03,17.35,17.5,17.32,17.440001,29700
2016-11-04,17.389999,17.65,17.34,17.440001,67000
2016-11-07,17.799999,18.280001,17.6,18.09,66700
2016-11-08,18.440001,18.98,18.200001,18.85,27200
2016-11-09,18.83,19.35,18.200001,19.299999,52700
2016-11-10,19.450001,19.74,19.280001,19.6,52700
2016-11-11,19.49,20.48,19.309999,20.26,90600
2016-11-14,20.360001,20.77,20.25,20.51,54400
2016-11-15,19.91,20.49,19.91,20.32,52500
2016-11-16,20.26,20.48,20,20.360001,73000
2016-11-17,20.5,20.99,19.93,20.700001,26300
2016-11-18,20.67,21.24,20,21.16,86000
2016-11-21,21.139999,21.49,20.940001,21.48,44600
2016-11-22,21.48,22.17,21.48,22.01,32600
2016-11-23,21.93,22.41,21.93,22.25,38400
2016-11-25,22.25,22.629999,22.25,22.469999,9700
2016-11-28,22.450001,22.450001,22.25,22.25,78700
2016-11-29,22.360001,22.51,22.24,22.4,56600
2016-11-30,22.59,23.030001,22.48,22.85,67400
2016-12-01,23,23.48,23,23.469999,54600
2016-12-02,23.24,23.24,22.879999,22.92,20900
2016-12-05,22.459999,23.17,22.459999,23.049999,86300
2016-12-06,23.07,23.48,22.82,23.35,49600
2016-12-07,23.309999,23.48,23.07,23.32,32700
2016-12-08,23.290001,24.200001,23.290001,24.030001,46800
2016-12-09,24.139999,24.950001,23.950001,24.879999,51400
2016-12-12,24.780001,24.780001,23.969999,24.129999,35800
2016-12-13,24.24,24.73,24.15,24.65,63200
2016-12-14,24.6,24.85,24.379999,24.66,35500
2016-12-15,24.49,25.1,24.290001,24.6,42400
2016-12-16,24.540001,24.84,24.110001,24.33,81000
2016-12-19,24.459999,24.709999,24.16,24.459999,36900
2016-12-20,24.610001,25.82,24.610001,25.780001,73600
2016-12-21,25.860001,26.16,25.26,26,40000
2016-12-22,26.120001,27.040001,25.790001,26.02,42900
2016-12-23,25.91,26.049999,25.709999,26.02,39900
2016-12-27,26.219999,26.33,25.82,26,27800
2016-12-28,26,26.35,25.860001,26.139999,24700
2016-12-29,26.139999,26.41,25.549999,26.23,292000
2016-12-30,26,26.76,25.959999,26.59,37900
2017-01-03,26.52,26.9,26.129999,26.469999,64300
2017-01-04,26.620001,26.65,26.190001,26.299999,28100
2017-01-05,26.35,26.620001,26.1,26.18,70000
2017-01-06,26.33,26.540001,26.25,26.290001,57100
2017-01-09,26.26,26.26,25.780001,26.01,34700
2017-01-10,25.969999,26.26,25.91,25.940001,57200
2017-01-11,26.09,26.32,25.889999,26.25,63000
2017-01-12,26.030001,26.48,26.02,26.450001,44100
2017-01-13,26.66,26.98,26.59,26.790001,28400
2017-01-17,26.639999,26.66,26.07,26.41,58500
2017-01-18,26.59,26.690001,26.33,26.610001,33800
2017-01-19,26.51,26.51,26.35,26.41,23100
2017-01-20,26.530001,27.280001,26.530001,27.09,71200
2017-01-23,27.32,28.469999,27.32,28.15,66600
2017-01-24,28.49,28.99,28.26,28.450001,54000
2017-01-25,28.68,28.790001,28.209999,28.290001,50600
2017-01-26,28.370001,28.48,28.01,28.059999,38300
2017-01-27,28.120001,28.68,27.969999,27.98,50700
2017-01-30,27.709999,27.709999,26.969999,27,64000
2017-01-31,26.84,26.92,26.540001,26.76,67500
2017-02-01,26.959999,27,26.5,26.629999,37900
2017-02-02,26.450001,26.620001,26.15,26.32,25200
2017-02-03,26.49,26.99,26.4,26.83,27800
2017-02-06,26.59,26.99,26.59,26.9,52300
2017-02-07,27,27.049999,26.83,26.99,43500
2017-02-08,26.950001,27.15,26.620001,27.01,66500
2017-02-09,27.01,27.33,26.93,27.25,47700
2017-02-10,27.35,27.35,27.15,27.25,37400
2017-02-13,27.41,28.1,27.35,28.01,72100
2017-02-14,27.860001,28.01,27.700001,27.969999,56800
2017-02-15,27.969999,28.1,27.620001,28.02,40200
2017-02-16,28,28.290001,27.809999,28.209999,27600
2017-02-17,28.219999,28.610001,28.15,28.48,46600
2017-02-21,28.5,28.83,28.4,28.65,22800
2017-02-22,28.620001,28.799999,28.4,28.450001,99800
2017-02-23,28.59,28.959999,28.4,28.690001,29500
2017-02-24,28.48,28.92,28.370001,28.719999,43000
2017-02-27,28.84,28.889999,28.610001,28.67,20600
2017-02-28,28.75,28.860001,27.620001,28.639999,52100
2017-03-01,29,29.5,28.440001,28.719999,61600
2017-03-02,28.700001,28.700001,27.389999,28.040001,98400
2017-03-03,27.99,29.5,27.780001,28.059999,110400
2017-03-06,28.049999,28.23,27.65,27.91,70300
2017-03-07,27.6,28.360001,27.6,28.209999,37800
2017-03-08,28.309999,28.700001,27.68,27.700001,77600
2017-03-09,27.700001,28.08,27.52,27.559999,42500
2017-03-10,27.66,27.879999,27.18,27.5,44900
2017-03-13,27.360001,27.780001,27.200001,27.41,30600
2017-03-14,27.32,27.360001,26.75,27.219999,22500
2017-03-15,27.15,27.709999,27.15,27.469999,98500
2017-03-16,27.57,27.9,27.200001,27.459999,68600
2017-03-17,27.309999,27.629999,25.940001,27.379999,86500
2017-03-20,27.42,27.42,26.67,26.790001,24700
2017-03-21,27.02,27.02,25.34,25.450001,37400
2017-03-22,25.75,26,25.450001,25.58,112500
2017-03-23,25.43,26.33,25.43,26.049999,23400
2017-03-24,26.040001,26.43,25.870001,26.299999,29500
2017-03-27,25.82,26.4,25.059999,26.299999,24700
2017-03-28,26.120001,26.469999,25.83,26.4,42300
2017-03-29,26.299999,26.77,26.049999,26.200001,54400
2017-03-30,26.360001,27.57,26.35,27.309999,46600
2017-03-31,27.33,27.66,27,27.43,69100
2017-04-03,27.370001,27.4,26.84,27.299999,83100
2017-04-04,27.24,27.5,26.959999,27.049999,42700
2017-04-05,27.200001,27.639999,26.370001,26.48,57000
2017-04-06,26.200001,26.719999,26.200001,26.68,18100
2017-04-07,26.459999,26.809999,26.190001,26.6,18800
2017-04-10,26.860001,26.99,26.1,26.290001,26700
2017-04-11,26.290001,26.77,26.23,26.68,23700
2017-04-12,26.549999,26.77,26.17,26.42,24300
2017-04-13,26.24,26.450001,25.790001,26.07,22800
2017-04-17,26.200001,26.290001,25.73,26.120001,26600
2017-04-18,26.129999,26.51,25.84,26.24,40500
2017-04-19,26.33,26.57,25.940001,26.32,47000
2017-04-20,26.360001,27.190001,26.360001,27.129999,20000
2017-04-21,26.950001,27.33,26.32,27.219999,24300
2017-04-24,27.65,27.860001,26.26,26.690001,41800
2017-04-25,26.9,27.17,26.51,26.58,34700
2017-04-26,26.58,27.24,26.52,26.75,81100
2017-04-27,26.99,26.99,26.190001,26.32,58300
2017-04-28,26.24,26.459999,24.73,25.07,81400
2017-05-01,24.99,25.65,24.99,25.360001,81500
2017-05-02,25.360001,25.66,25.129999,25.280001,49700
2017-05-03,25.110001,25.58,25.110001,25.49,55500
2017-05-04,25.52,25.65,25.15,25.360001,34500
2017-05-05,25.42,25.559999,25.24,25.49,24500
2017-05-08,25.389999,26.02,25.290001,25.93,38000
2017-05-09,25.92,26.360001,25.24,25.879999,40300
2017-05-10,25.870001,25.959999,25.389999,25.65,35800
2017-05-11,25.469999,25.58,24.93,25,16900
2017-05-12,24.860001,24.91,24.33,24.76,22800
2017-05-15,24.950001,25.41,24.6,25.27,26000
2017-05-16,25.450001,25.5,24.41,25.4,18500
2017-05-17,24.889999,24.889999,23.93,24.49,27100
2017-05-18,24.559999,24.969999,24.450001,24.59,16900
2017-05-19,24.530001,24.84,24,24.09,22500
2017-05-22,24.15,24.26,23.76,24.18,18400
2017-05-23,25.389999,25.809999,24.469999,25.700001,36100
2017-05-24,25.57,25.889999,24.809999,25.280001,18100
2017-05-25,25.23,25.969999,25.049999,25.26,16200
2017-05-26,25.110001,25.34,24.5,25.17,13900
2017-05-30,24.92,25.190001,23.42,24.32,23500
2017-05-31,24.450001,24.450001,23.950001,24.030001,21300
2017-06-01,24.16,24.440001,23.73,24.32,26800
2017-06-02,24.18,25.559999,24.120001,24.68,21200
2017-06-05,24.059999,24.690001,24.040001,24.059999,15900
2017-06-06,23.870001,24.200001,23.26,24.01,20800
2017-06-07,23.940001,24.68,23.940001,24.530001,11700
2017-06-08,24.49,25.84,24.48,25.280001,19200
2017-06-09,25.540001,26.5,25.209999,26.25,25100
2017-06-12,26.35,26.93,25.379999,25.969999,27700
2017-06-13,27.120001,27.120001,25.82,26.26,13300
2017-06-14,25.58,26.549999,25.530001,26.24,22700
2017-06-15,26.209999,26.459999,25.879999,26.059999,12700
2017-06-16,25.690001,26.040001,25.459999,25.5,67100
2017-06-19,25.5,25.5,24.559999,25.139999,18000
2017-06-20,25.15,25.18,24.209999,24.690001,15500
2017-06-21,24.549999,24.75,24.15,24.389999,16000
2017-06-22,24.459999,25.4,24.459999,24.58,12500
2017-06-23,24.49,24.5,23.440001,23.99,100000
2017-06-26,23.969999,24.25,23.700001,23.870001,60900
2017-06-27,24.200001,24.200001,23.58,23.65,59900
2017-06-28,23.73,24.540001,23.1,24.23,35900
2017-06-29,24.43,24.92,24.26,24.65,35500
2017-06-30,24.65,25.209999,24.219999,24.549999,27400
2017-07-03,24.59,26.040001,24.59,25.219999,10400
2017-07-05,25.110001,25.26,24.299999,24.870001,35200
2017-07-06,24.85,26.73,23.67,24.67,63900
2017-07-07,24.799999,25.08,24.33,24.68,29500
2017-07-10,24.469999,24.870001,24.290001,24.299999,11900
2017-07-11,23.700001,24.190001,23.700001,24.01,12900
2017-07-12,23.91,24.4,23.91,24.309999,13500
2017-07-13,24.299999,24.299999,23.66,24.02,16700
2017-07-14,23.76,24.27,23.65,23.75,36100
2017-07-17,23.41,24,23.41,23.51,41600
2017-07-18,23.290001,24.34,23.290001,23.99,14500
2017-07-19,23.98,24.4,23.809999,24.190001,18000
2017-07-20,24.18,24.4,23.93,24.09,14000
2017-07-21,24.559999,24.6,23.75,23.809999,54300
2017-07-24,24.129999,24.5,23.75,24.15,27900
2017-07-25,25.110001,27.360001,24.84,26.450001,87500
2017-07-26,26.459999,26.92,25.540001,26.709999,29400
2017-07-27,27.02,27.370001,26.59,26.85,16000
2017-07-28,26.620001,26.84,25,26.65,42000
2017-07-31,26.809999,27.450001,26.73,27.4,67900
2017-08-01,27.4,28.030001,26.860001,27.950001,42000
2017-08-02,27.700001,27.73,27.01,27.5,39200
2017-08-03,27.459999,27.959999,27.08,27.16,40300
2017-08-04,27.52,27.52,27.09,27.219999,23200
2017-08-07,27.370001,27.370001,26.75,26.83,19400
2017-08-08,26.74,26.969999,26.389999,26.52,44300
2017-08-09,26.190001,26.4,26,26.200001,22200
2017-08-10,25.91,26.08,25.040001,25.620001,32600
2017-08-11,25.66,25.690001,25.01,25.040001,36600
2017-08-14,25.379999,26.4,25.379999,26.23,35300
2017-08-15,26.4,26.57,25.98,26.129999,32600
2017-08-16,26.530001,27.209999,25.41,25.629999,28100
2017-08-17,25.6,26.030001,25.309999,25.4,44800
2017-08-18,25.219999,25.51,25,25.389999,38600
2017-08-21,25.23,25.379999,24.959999,24.969999,18100
2017-08-22,25.049999,25.379999,25.049999,25.360001,10700
2017-08-23,25.049999,25.530001,25.049999,25.280001,17900
2017-08-24,25.309999,25.719999,25.200001,25.370001,8700
2017-08-25,25.32,25.73,25.129999,25.639999,14200
2017-08-28,25.98,25.98,25.120001,25.209999,12200
2017-08-29,25.059999,25.219999,24.870001,25.08,14500
2017-08-30,24.860001,25.25,24.860001,25.059999,26100
2017-08-31,25.049999,25.459999,24.6,25.309999,20400
2017-09-01,25.299999,26.030001,25.030001,25.379999,29400
2017-09-05,25.24,25.309999,24.610001,24.76,27200
2017-09-06,24.809999,25.190001,24.809999,24.969999,11000
2017-09-07,24.98,24.98,24.18,24.66,29300
2017-09-08,24.66,25.200001,24.26,24.74,21000
2017-09-11,25.1,25.27,24.6,25.030001,15400
2017-09-12,25.01,25.52,24.459999,25.08,28000
2017-09-13,24.83,25.4,24.83,25.040001,30400
2017-09-14,25.17,25.17,24.77,24.860001,38700
2017-09-15,24.799999,25.01,24.629999,24.799999,48500
2017-09-18,24.98,25.59,24.85,25.280001,23300
2017-09-19,25.209999,25.68,25.209999,25.450001,28900
2017-09-20,25.25,25.959999,24.469999,25.57,36700
2017-09-21,25.6,26.18,25.6,25.860001,25600
2017-09-22,26.16,26.4,25.75,25.76,59900
2017-09-25,25.85,26.41,25.709999,26.049999,38900
2017-09-26,26.190001,27.24,26.190001,26.530001,48400
2017-09-27,26.940001,27.82,26.59,27.24,46700
2017-09-28,27.309999,27.84,27.290001,27.450001,23500
2017-09-29,27.440001,27.639999,26.879999,27.15,22000
2017-10-02,27.16,27.34,26.950001,27.1,39800
2017-10-03,27.25,27.34,26.92,27.33,25900
2017-10-04,27.32,27.32,26.75,26.82,18600
2017-10-05,26.82,27,26.440001,26.889999,20300
2017-10-06,26.879999,27.18,26.24,26.969999,24900
2017-10-09,27.09,27.41,26.77,27.34,20100
2017-10-10,27.41,27.870001,27.040001,27.870001,25700
2017-10-11,27.799999,27.799999,27.24,27.280001,21900
2017-10-12,27.299999,27.32,26.85,27.01,23000
2017-10-13,26.950001,27.23,26.790001,27.059999,21300
2017-10-16,27.07,27.75,26.860001,27.629999,30300
2017-10-17,27.43,27.719999,27.219999,27.34,12000
2017-10-18,27.360001,27.76,27.24,27.6,14300
2017-10-19,27.530001,27.74,27.34,27.709999,27800
2017-10-20,28,28,27.52,27.65,30000
2017-10-23,27.66,27.68,27.049999,27.290001,11400
2017-10-24,27.049999,27.610001,26.780001,27.549999,40700
2017-10-25,27.25,27.25,26.84,27.120001,39200
2017-10-26,27.17,27.17,26.709999,26.91,10500
2017-10-27,26.98,27.25,26.709999,27.200001,20300
2017-10-30,27.15,27.15,26.26,26.370001,23500
2017-10-31,26.360001,26.85,26.35,26.459999,28800
2017-11-01,26.610001,26.610001,26,26.139999,23000
2017-11-02,26.129999,26.91,25.959999,26.809999,16100
2017-11-03,26.799999,26.799999,26.469999,26.58,18900
2017-11-06,26.58,26.58,26.129999,26.209999,11700
2017-11-07,25.719999,26.41,25.030001,25.280001,60000
2017-11-08,25.190001,25.48,24.629999,24.77,34500
2017-11-09,24.639999,25.24,24.32,25.190001,41700
2017-11-10,25.18,25.49,24.690001,25.200001,45300
2017-11-13,25.129999,25.5,24.42,25.4,21500
2017-11-14,25.309999,25.73,25.200001,25.639999,17400
2017-11-15,25.42,25.93,25.42,25.530001,22000
2017-11-16,25.68,26.16,25.530001,25.68,16100
2017-11-17,25.52,26.08,25.41,25.99,26800
2017-11-20,26,26.26,25.76,26.200001,15600
2017-11-21,26.309999,26.5,25.98,26.48,31400
2017-11-22,26.32,26.51,26.15,26.200001,23300
2017-11-24,25.879999,26,24.76,25.82,6500
2017-11-27,25.9,26.440001,25.82,26.200001,15500
2017-11-28,26.200001,27.370001,26.200001,27.219999,20500
2017-11-29,27.309999,28.65,26.57,28.49,93000
2017-11-30,28.620001,28.870001,27.799999,27.959999,97000
2017-12-01,27.92,28.15,27.08,27.91,35300
2017-12-04,28.299999,28.85,28,28.049999,32400
2017-12-05,28.040001,28.42,27.219999,27.27,90200
2017-12-06,27.01,27.43,26.65,26.879999,32100
2017-12-07,26.43,27.139999,26.43,26.84,25400
2017-12-08,26.940001,26.940001,26.51,26.59,22200
2017-12-11,26.58,26.719999,26.309999,26.42,24500
2017-12-12,26.57,26.93,26.33,26.59,19900
2017-12-13,26.639999,27.15,26.530001,26.559999,27900
2017-12-14,26.639999,27.1,25.860001,26.120001,36100
2017-12-15,26.049999,27.24,26.049999,26.52,149300
2017-12-18,26.690001,27.5,25.879999,27.129999,93900
2017-12-19,27.120001,27.59,26.9,26.950001,48100
2017-12-20,27.120001,27.450001,26.91,27.09,182700
2017-12-21,27.209999,27.98,27.209999,27.73,60400
2017-12-22,27.73,27.73,26.77,27.379999,27600
2017-12-26,27.389999,27.389999,26.23,26.51,40900
2017-12-27,26.450001,26.85,26.41,26.49,163700
2017-12-28,26.549999,27.280001,26.549999,27.200001,32400
2017-12-29,27.209999,27.209999,26.559999,26.559999,28700
2018-01-02,26.809999,27.17,26.440001,26.700001,35900
2018-01-03,26.67,26.99,26.34,26.98,39500
2018-01-04,27,27.27,26.860001,26.969999,22200
2018-01-05,27.040001,27.4,26.09,26.780001,22700
2018-01-08,26.559999,26.83,26.26,26.65,19200
2018-01-09,26.700001,27.26,26.67,26.690001,18200
2018-01-10,26.85,27.4,26.690001,26.99,26900
2018-01-11,27.01,27.74,26.93,27.540001,27800
2018-01-12,27.6,28.1,27.51,27.709999,23500
2018-01-16,27.879999,28.34,27.34,27.540001,33600
2018-01-17,27.57,28.129999,27.549999,27.969999,26500
2018-01-18,27.940001,28.01,27.57,27.66,20400
2018-01-19,27.690001,28.5,27.690001,28.379999,37800
2018-01-22,28.48,28.639999,28.209999,28.440001,34300
2018-01-23,28.52,28.65,27.68,28.5,13600
2018-01-24,28.700001,28.700001,27.870001,28,24100
2018-01-25,28.059999,28.23,27.48,27.77,29300
2018-01-26,27.93,28.139999,27.23,27.73,18200
2018-01-29,27.370001,27.82,27.33,27.360001,13800
2018-01-30,27.27,27.82,27.27,27.51,28600
2018-01-31,27.51,27.629999,27.25,27.379999,25100
2018-02-01,27.66,27.690001,27.030001,27.48,26900
2018-02-02,27.299999,27.68,27.049999,27.18,17000
2018-02-05,26.959999,27.26,26.040001,26.700001,38200
2018-02-06,26.139999,27.200001,26.1,26.57,28200
2018-02-07,26.91,26.91,26.450001,26.58,14600
2018-02-08,26.629999,27.459999,26.120001,26.120001,18500
2018-02-09,26.360001,27.139999,26.110001,26.82,20700
2018-02-12,26.85,26.85,26.25,26.65,20600
2018-02-13,26.540001,26.76,26.4,26.450001,18200
2018-02-14,26.82,27.16,26.67,26.950001,26600
2018-02-15,27.200001,27.42,26.879999,27.35,16500
2018-02-16,27.24,27.92,27.219999,27.6,18300
2018-02-20,27.459999,27.559999,26.530001,26.85,37300
2018-02-21,26.860001,27.57,26.860001,27.18,14400
2018-02-22,27.309999,27.360001,26.5,26.639999,63200
2018-02-23,26.75,26.950001,26.51,26.93,29200
2018-02-26,27.139999,27.209999,26.65,27.17,25400
2018-02-27,27.15,27.4,26.52,26.620001,22500
2018-02-28,26.59,26.92,26.02,26.02,25200
2018-03-01,26.030001,26.450001,25.65,26.32,23600
2018-03-02,26.120001,26.93,25.959999,26.83,16700
2018-03-05,26.790001,27.18,26.08,27.059999,13800
2018-03-06,27.139999,27.24,26.57,27.17,18200
2018-03-07,27.040001,27.540001,26.73,27.41,15400
2018-03-08,27.41,27.440001,27.02,27.190001,10500
2018-03-09,27.219999,28.08,26.67,28.049999,30100
2018-03-12,28.110001,28.25,27.6,28.120001,24500
2018-03-13,28.26,28.4,28.02,28.18,18200
2018-03-14,25.620001,28.16,25.42,27.92,24900
2018-03-15,27.969999,28.25,27.620001,28.1,14800
2018-03-16,28.07,28.58,27.82,28.290001,59600
2018-03-19,28.1,28.43,27.83,28.360001,16500
2018-03-20,28.32,28.32,27.709999,27.82,40800
2018-03-21,27.809999,28.190001,27.5,27.950001,31600
2018-03-22,27.469999,28.200001,27.049999,27.08,23600
2018-03-23,27.08,27.790001,26.32,26.459999,32100
2018-03-26,26.889999,26.99,26.139999,26.870001,32200
2018-03-27,26.799999,27.26,26.700001,26.809999,21000
2018-03-28,26.889999,27.219999,26.790001,26.950001,20000
2018-03-29,27,27.02,26.530001,26.639999,39800
2018-04-02,26.52,26.52,25.719999,25.99,33200
2018-04-03,26.030001,26.4,25.799999,26.33,27500
2018-04-04,26,26.66,26,26.5,24200
2018-04-05,26.030001,27.08,26.030001,26.98,24800
2018-04-06,26.82,27.07,26.1,26.32,26400
2018-04-09,26.559999,27.07,26.389999,26.450001,19800
2018-04-10,26.690001,27.23,26.639999,26.91,18300
2018-04-11,26.77,26.860001,26.57,26.84,10100
2018-04-12,26.9,27.4,26.9,27.25,19400
2018-04-13,27.4,27.4,26.290001,27.25,30100
2018-04-16,27.370001,27.76,26.200001,27.440001,24100
2018-04-17,27.440001,27.73,27.120001,27.440001,38500
2018-04-18,27.450001,27.559999,27.190001,27.280001,18800
2018-04-19,27.200001,27.73,27.18,27.67,11300
2018-04-20,27.59,28.299999,27.59,27.99,22800
2018-04-23,28.1,28.52,27.32,28.52,19000
2018-04-24,28.59,29.389999,28.5,29.33,58000
2018-04-25,29.450001,29.549999,28.92,29.02,24300
2018-04-26,29.1,29.1,28.35,28.49,32200
2018-04-27,28.450001,28.73,28.08,28.559999,17200
2018-04-30,28.559999,28.610001,27.860001,27.860001,28000
2018-05-01,27.32,28.040001,27.129999,27.940001,20300
2018-05-02,27.82,28.25,27.540001,27.85,29400
2018-05-03,27.76,27.76,27.35,27.66,9000
2018-05-04,27.52,28.76,27.52,27.950001,33900
2018-05-07,28,28.129999,27.83,27.93,19800
2018-05-08,27.92,28.450001,27.57,28.360001,24400
2018-05-09,28.389999,28.75,28.389999,28.51,17500
2018-05-10,28.52,28.52,28.16,28.370001,13900
2018-05-11,28.370001,28.370001,28.1,28.200001,16000
2018-05-14,28.24,28.24,27.77,27.809999,16800
2018-05-15,27.790001,28.1,27.790001,28.040001,18300
2018-05-16,28.049999,28.23,27.969999,28.049999,19100
2018-05-17,28.1,28.49,28.1,28.4,17900
2018-05-18,28.450001,28.6,28.24,28.450001,27500
2018-05-21,28.450001,28.75,28.26,28.57,15500
2018-05-22,28.690001,29,28.629999,28.73,11300
2018-05-23,28.709999,28.92,28.5,28.879999,12000
2018-05-24,28.809999,28.809999,28.280001,28.6,15200
2018-05-25,28.51,28.870001,28.440001,28.559999,14000
2018-05-29,28.35,28.6,27.91,28.09,24500
2018-05-30,28.17,28.67,28.09,28.370001,24600
2018-05-31,28.370001,28.540001,28.1,28.24,27700
2018-06-01,28.360001,28.65,28.360001,28.58,17200
2018-06-04,28.530001,29.049999,28.530001,29,21300
2018-06-05,28.959999,29.389999,28.959999,29.290001,24700
2018-06-06,29.280001,29.5,29,29.450001,34500
2018-06-07,29.440001,29.73,29.35,29.629999,18500
2018-06-08,29.52,29.959999,29.469999,29.48,12800
2018-06-11,29.440001,29.49,28.99,29.15,16300
2018-06-12,29.190001,29.43,28.59,28.68,18300
2018-06-13,29.280001,29.48,28.700001,28.860001,10100
2018-06-14,28.950001,28.950001,28.440001,28.91,17300
2018-06-15,28.790001,29.280001,28.530001,28.99,35500
2018-06-18,28.969999,29.4,28.870001,29.23,18800
2018-06-19,29.15,29.66,29.15,29.540001,19500
2018-06-20,29.65,29.879999,29.370001,29.549999,20800
2018-06-21,29.48,29.6,28.91,29.23,32900
2018-06-22,29.370001,29.559999,28.83,29.32,151300
2018-06-25,29.049999,29.17,28.58,28.709999,74200
2018-06-26,28.780001,28.780001,27.690001,28.33,41800
2018-06-27,28.219999,28.379999,27.77,27.77,23000
2018-06-28,27.82,28.17,27.32,28.01,43600
2018-06-29,28.129999,28.360001,28.040001,28.24,50500
2018-07-02,28.190001,28.969999,28.190001,28.6,63300
2018-07-03,28.68,29.08,28.68,28.780001,18200
2018-07-05,28.799999,29.34,28.719999,29.09,22200
2018-07-06,29.1,29.360001,28.940001,29.02,19400
2018-07-09,29.07,29.57,29.030001,29.35,36900
2018-07-10,29.440001,29.440001,28.84,28.959999,20300
2018-07-11,28.879999,29.190001,28.129999,28.75,27300
2018-07-12,28.879999,28.879999,28.129999,28.5,26300
2018-07-13,28.629999,28.940001,28.209999,28.33,14000
2018-07-16,28.27,28.58,28.26,28.559999,20900
2018-07-17,28.459999,28.889999,28.389999,28.43,17100
2018-07-18,28.389999,28.74,28.360001,28.73,26500
2018-07-19,28.639999,28.99,28.639999,28.91,24800
2018-07-20,28.83,29.16,28.030001,29.049999,26900
2018-07-23,29.1,29.549999,29.1,29.450001,27200
2018-07-24,29.6,29.6,29.219999,29.35,11100
2018-07-25,29.440001,29.440001,29.01,29.24,14800
2018-07-26,29.309999,29.860001,28.860001,29.84,21000
2018-07-27,29.84,30.01,29.34,29.450001,42100
2018-07-30,29.559999,29.83,29.290001,29.379999,21000
2018-07-31,29.49,29.68,29.360001,29.540001,30600
2018-08-01,29.4,29.610001,29.4,29.440001,11700
2018-08-02,29.639999,29.780001,29.26,29.75,22600
2018-08-03,29.67,29.75,29.02,29.1,14600
2018-08-06,29.24,29.24,28.629999,29.18,11000
2018-08-07,29.17,29.26,29.040001,29.190001,11600
2018-08-08,29.18,29.68,29.02,29.68,139200
2018-08-09,29.66,29.68,29.15,29.440001,14800
2018-08-10,29.24,29.299999,29.040001,29.200001,41700
2018-08-13,29.25,29.25,29,29.200001,124600
2018-08-14,29.23,29.5,29.200001,29.48,20900
2018-08-15,29.309999,29.32,29.02,29.25,27300
2018-08-16,29.290001,29.450001,29.16,29.370001,25800
2018-08-17,29.32,29.719999,29.27,29.629999,135900
2018-08-20,29.639999,29.639999,29.280001,29.58,23700
2018-08-21,29.629999,29.91,29.52,29.74,158000
2018-08-22,29.67,30,29.620001,29.99,22400
2018-08-23,29.969999,29.98,29.700001,29.92,37000
2018-08-24,29.92,30,29.790001,29.940001,139700
2018-08-27,29.93,29.99,29.709999,29.709999,36800
2018-08-28,29.700001,29.700001,28.24,29.209999,58700
2018-08-29,29.110001,29.610001,29.110001,29.49,48900
2018-08-30,29.5,29.620001,29.23,29.41,36000
2018-08-31,29.379999,29.700001,28.91,29.67,26800
2018-09-04,29.67,29.709999,29.200001,29.5,25900
2018-09-05,29.540001,30.09,29.280001,30.059999,32700
2018-09-06,30.059999,30.299999,29.450001,30.299999,20600
2018-09-07,30.299999,30.450001,30,30.360001,25500
2018-09-10,30.43,31.190001,30.389999,30.9,37500
2018-09-11,30.870001,31.09,30.25,30.530001,27000
2018-09-12,30.49,30.629999,30.049999,30.43,32400
2018-09-13,30.52,30.65,30.09,30.35,24200
2018-09-14,30.4,30.73,29.870001,30.610001,142700
2018-09-17,30.48,30.58,30.290001,30.4,32600
2018-09-18,30.5,30.879999,30.26,30.42,33600
2018-09-19,30.49,30.58,29.969999,30.1,43000
2018-09-20,30.26,30.790001,30.26,30.42,50100
2018-09-21,30.440001,31.02,29.67,29.91,185500
2018-09-24,30,30.43,29.58,29.76,40000
2018-09-25,29.84,30.030001,29.48,29.49,24900
2018-09-26,29.57,29.870001,28.91,28.969999,20400
2018-09-27,29.08,29.309999,28.809999,28.870001,21700
2018-09-28,28.83,29.1,28.73,28.9,27400
2018-10-01,28.9,29,28.219999,28.290001,29700
2018-10-02,28.27,28.27,27.66,27.879999,38700
2018-10-03,27.969999,28.58,27.52,28.57,16600
2018-10-04,28.559999,29.02,28.16,28.49,38800
2018-10-05,28.450001,28.57,27.59,27.73,35000
2018-10-08,27.73,28.389999,27.629999,28.1,45700
2018-10-09,27.940001,28.51,27.940001,28.110001,28700
2018-10-10,28.1,28.4,27.709999,27.77,108200
2018-10-11,27.639999,27.959999,27.09,27.41,79700
2018-10-12,27.549999,27.889999,26.4,26.6,74700
2018-10-15,27.110001,27.209999,26.57,26.950001,29500
2018-10-16,26.969999,27.42,26.75,27.299999,31300
2018-10-17,27.23,27.459999,26.92,27.219999,25400
2018-10-18,27.129999,27.23,26.85,26.940001,24000
2018-10-19,26.83,27.139999,26.83,26.950001,45300
2018-10-22,26.940001,26.99,25.790001,26.18,60200
2018-10-23,27.610001,27.610001,26.6,26.950001,84000
2018-10-24,26.98,27.370001,25.9,25.93,55700
2018-10-25,26.120001,27.280001,26.120001,27.280001,35300
2018-10-26,27.110001,27.360001,26.809999,27.08,45800
2018-10-29,27.209999,27.959999,27.18,27.459999,39300
2018-10-30,27.459999,27.76,27.049999,27.59,26700
2018-10-31,27.709999,27.709999,27.129999,27.23,39300
2018-11-01,27.23,27.65,26.959999,26.99,20100
2018-11-02,27.09,27.889999,27.02,27.809999,23900
2018-11-05,27.799999,28.190001,27.450001,27.57,31200
2018-11-06,27.5,27.83,27.34,27.83,13300
2018-11-07,27.860001,27.969999,27.6,27.91,19600
2018-11-08,27.77,28.200001,27.51,28.139999,24900
2018-11-09,28.120001,28.290001,27.950001,28.16,173100
2018-11-12,28.16,28.5,27.809999,28.09,27600
2018-11-13,28.08,28.389999,27.9,28.190001,76000
2018-11-14,28.4,28.4,27.16,27.309999,35700
2018-11-15,27.110001,27.68,27.110001,27.58,15900
2018-11-16,27.450001,27.709999,27.02,27.35,31700
2018-11-19,27.33,27.58,26.9,27.450001,39900
2018-11-20,27.32,27.559999,27.17,27.41,82400
2018-11-21,27.41,27.459999,26.879999,26.99,18000
2018-11-23,26.91,26.950001,26.629999,26.93,6800
2018-11-26,26.98,27.860001,26.67,27.709999,75300
2018-11-27,27.6,28.02,27.6,27.74,31800
2018-11-28,27.75,28.459999,27.5,28.309999,84400
2018-11-29,28.32,28.5,28.01,28.209999,21500
2018-11-30,28.219999,28.780001,28.049999,28.4,47300
2018-12-03,28.67,28.67,27.93,28.219999,55000
2018-12-04,28.110001,28.92,26.459999,26.65,35600
2018-12-06,26.49,26.73,25.940001,26.68,43600
2018-12-07,26.690001,27.43,26.43,26.690001,33400
2018-12-10,26.51,27.35,26.16,26.530001,33200
2018-12-11,26.690001,27.040001,26.35,26.48,9700
2018-12-12,26.780001,26.98,26.57,26.66,21300
2018-12-13,26.76,27.809999,25.799999,25.99,56500
2018-12-14,25.91,25.91,23.32,25.280001,66100
2018-12-17,25.01,25.9,24.719999,25.360001,40700
2018-12-18,25.48,26.200001,24.68,24.76,27600
2018-12-19,24.83,25.040001,23.799999,23.879999,25500
2018-12-20,23.870001,24.469999,23.24,24.030001,35000
2018-12-21,24.059999,24.18,23.58,23.629999,63300
2018-12-24,23.299999,23.82,22.969999,22.969999,13600
2018-12-26,23.1,24.23,22.940001,23.940001,29500
2018-12-27,23.67,24.809999,22.98,23.540001,27600
2018-12-28,23.469999,24.299999,23.469999,24.09,25600
2018-12-31,24.1,24.190001,23.84,24.030001,16600
2019-01-02,23.870001,24.379999,23.83,24.370001,87400
2019-01-03,24.23,24.709999,24.23,24.27,77400
2019-01-04,24.299999,24.85,24.299999,24.549999,47100
2019-01-07,24.35,24.950001,24.35,24.76,62900
2019-01-08,24.879999,25.379999,24.879999,25.26,17300
2019-01-09,25.379999,25.379999,24.879999,25.1,21300
2019-01-10,24.969999,25.42,24.610001,25.08,13500
2019-01-11,24.940001,25.15,24.75,25.049999,19000
2019-01-14,24.889999,25.41,24.85,24.860001,26100
2019-01-15,24.68,25.08,24.67,24.940001,20300
2019-01-16,25.16,25.49,25.07,25.48,22700
2019-01-17,25.389999,25.85,25.32,25.58,25600
2019-01-18,25.57,26.25,25.299999,26.25,96300
2019-01-22,25.85,27.58,25.85,26.75,132400
2019-01-23,26.75,26.969999,25.870001,26.75,38600
2019-01-24,26.75,27.190001,25.969999,26.129999,31900
2019-01-25,26.25,26.98,26.25,26.91,52900
2019-01-28,26.75,27.02,26.440001,26.92,40000
2019-01-29,27.120001,27.219999,26.74,26.940001,20500
2019-01-30,26.93,27.200001,26.5,26.629999,32200
2019-01-31,26.51,26.860001,26.309999,26.6,32000
2019-02-01,26.799999,26.889999,26.4,26.76,23400
2019-02-04,26.860001,26.870001,26.42,26.77,13600
2019-02-05,26.75,26.879999,26.709999,26.74,6200
2019-02-06,26.549999,26.73,26.48,26.559999,14400
2019-02-07,26.74,27.48,26.690001,26.84,27500
2019-02-08,26.77,26.860001,26.620001,26.629999,29700
2019-02-11,26.690001,26.84,26.32,26.700001,22100
2019-02-12,26.75,27.190001,26.18,27.16,27700
2019-02-13,27.17,27.370001,27.040001,27.25,10700
2019-02-14,27.08,27.24,26.690001,26.959999,21000
2019-02-15,27.01,27.809999,26.67,27.4,32500
2019-02-19,27.389999,27.440001,27.25,27.34,21700
2019-02-20,27.17,27.299999,24.17,27.129999,45500
2019-02-21,27.120001,27.309999,27.040001,27.299999,17700
2019-02-22,27.299999,27.459999,27.02,27.459999,17000
2019-02-25,27.5,27.5,26.389999,27.299999,75700
2019-02-26,27.290001,27.32,26.9,26.940001,22400
2019-02-27,26.93,27.129999,26.610001,27.049999,34500
2019-02-28,27.219999,27.219999,26.92,26.950001,25200
2019-03-01,27.059999,27.25,26.77,27.120001,21300
2019-03-04,27,27.26,27,27.15,48400
2019-03-05,27.040001,27.139999,26.83,26.950001,16200
2019-03-06,26.959999,27,26.09,26.09,38900
2019-03-07,26.1,26.1,25.389999,25.389999,18700
2019-03-08,25.25,25.82,25.18,25.370001,35900
2019-03-11,25.32,25.959999,25.26,25.879999,19600
2019-03-12,25.870001,25.92,25.51,25.559999,12600
2019-03-13,25.65,25.82,25.540001,25.66,21800
2019-03-14,25.66,26,25.4,25.5,17600
2019-03-15,25.5,25.82,25.43,25.639999,69500
2019-03-18,25.629999,25.870001,25.629999,25.860001,7500
2019-03-19,26.040001,26.040001,25.17,25.23,13000
2019-03-20,25.24,25.450001,23.92,24.280001,21100
2019-03-21,24.23,24.459999,23.889999,24.030001,16400
2019-03-22,23.879999,23.98,22.68,23.17,56800
2019-03-25,23.16,23.709999,23.059999,23.68,25000
2019-03-26,23.799999,24.200001,23.799999,24.200001,17400
2019-03-27,24.1,24.49,24.049999,24.32,11500
2019-03-28,24.440001,24.469999,24.26,24.42,7600
2019-03-29,24.59,24.799999,24.040001,24.299999,24400
2019-04-01,24.459999,24.889999,24.370001,24.700001,14000
2019-04-02,24.52,24.690001,24.299999,24.66,8800
2019-04-03,24.790001,25.030001,24.35,24.59,22500
2019-04-04,24.59,24.74,24.24,24.58,15800
2019-04-05,24.59,25.15,24.59,25.01,17500
2019-04-08,25,25,24.620001,24.790001,18600
2019-04-09,24.700001,24.780001,24.360001,24.360001,9300
2019-04-10,24.27,24.889999,24.27,24.889999,11100
2019-04-11,24.860001,24.889999,24.629999,24.629999,6000
2019-04-12,24.84,25.129999,24.709999,25.129999,14600
2019-04-15,25.389999,25.440001,24.549999,24.549999,11700
2019-04-16,24.530001,24.969999,24.530001,24.549999,26800
2019-04-17,24.68,24.809999,24.32,24.719999,14400
2019-04-18,24.59,24.68,24.27,24.450001,15800
2019-04-22,24.01,25.309999,24.01,24.99,39500
2019-04-23,24.700001,26.48,24.700001,25.65,78300
2019-04-24,25.559999,26.450001,25.559999,25.940001,37000
2019-04-25,25.950001,26.09,25.77,25.969999,14600
2019-04-26,25.98,26.33,25.530001,26.24,25100
2019-04-29,26.42,26.809999,26.129999,26.790001,30300
2019-04-30,26.68,27.27,26.379999,26.459999,61300
2019-05-01,26.35,26.6,26.02,26.34,28300
2019-05-02,26.389999,26.65,26.299999,26.59,21900
2019-05-03,26.66,27.59,26.389999,27.559999,54700
2019-05-06,27.200001,27.65,26.16,27.549999,31400
2019-05-07,27.98,27.98,27.07,27.18,30400
2019-05-08,27.23,27.309999,27,27,14700
2019-05-09,26.780001,27.440001,26.280001,27.08,19800
2019-05-10,27,27,26.639999,26.83,18400
2019-05-13,26.51,27.18,25.85,25.93,20000
2019-05-14,26.09,26.700001,25.799999,26.41,14900
2019-05-15,26.129999,26.639999,25.950001,26.5,31100
2019-05-16,26.6,26.790001,26.440001,26.67,10100
2019-05-17,26.5,26.790001,26.299999,26.389999,22100
2019-05-20,26.290001,26.969999,26.290001,26.440001,16600
2019-05-21,26.48,26.77,26.4,26.559999,18400
2019-05-22,26.52,26.52,25.9,26.129999,8700
2019-05-23,25.870001,26.290001,25.35,25.360001,12700
2019-05-24,25.799999,26,25.48,25.639999,16200
2019-05-28,25.639999,25.870001,25.52,25.66,22300
2019-05-29,25.5,25.950001,25.43,25.790001,14000
2019-05-30,25.74,25.860001,25.200001,25.389999,14200
2019-05-31,24.91,25.530001,24.790001,24.799999,20900
2019-06-03,24.82,25.139999,24.639999,25.110001,18700
2019-06-04,25.040001,25.799999,25.040001,25.799999,23000
2019-06-05,25.66,26.1,25.18,25.26,13400
2019-06-06,25.34,25.530001,24.82,25.33,14600
2019-06-07,25.190001,25.41,24.83,25.049999,13500
2019-06-10,25.200001,25.690001,25.190001,25.370001,19700
2019-06-11,25.209999,25.450001,25.139999,25.41,14200
2019-06-12,25.34,25.799999,24.41,25.360001,14100
2019-06-13,25.17,25.799999,25.17,25.700001,11900
2019-06-14,26.07,26.07,25.530001,25.74,11200
2019-06-17,25.59,25.76,25.120001,25.299999,13800
2019-06-18,25.360001,25.82,25.360001,25.75,8700
2019-06-19,25.790001,25.9,25.379999,25.42,8000
2019-06-20,25.540001,25.790001,25.190001,25.469999,10800
2019-06-21,25.25,25.620001,25.15,25.440001,39000
2019-06-24,25.360001,25.59,25.25,25.32,16300
2019-06-25,25.190001,25.799999,25.15,25.76,21400
2019-06-26,25.82,26,25.33,25.549999,13000
2019-06-27,25.59,26.27,25.59,26.190001,33300
2019-06-28,26.299999,27.5,26.15,27.120001,112500
2019-07-01,27.360001,27.360001,26.65,26.77,34400
2019-07-02,26.76,26.91,26.42,26.549999,19000
2019-07-03,26.52,27.08,26.5,26.629999,10800
2019-07-05,26.799999,27.129999,26.629999,27.07,14400
2019-07-08,26.889999,27.049999,26.700001,26.85,9400
2019-07-09,26.92,27,26.6,26.83,16400
2019-07-10,26.84,26.940001,26.42,26.549999,14500
2019-07-11,26.75,26.75,26.209999,26.620001,18900
2019-07-12,26.629999,27.120001,26.629999,26.940001,17000
2019-07-15,26.75,26.98,26.23,26.42,15900
2019-07-16,26.42,27.16,26.110001,26.299999,12600
2019-07-17,26.219999,26.6,25.799999,25.84,24900
2019-07-18,25.84,26.120001,25.790001,25.98,16300
2019-07-19,25.790001,26.129999,25.709999,25.84,16900
2019-07-22,25.959999,26.1,24.459999,24.709999,88900
2019-07-23,24.75,25.389999,24.75,25.1,57800
2019-07-24,24.879999,25.690001,24.73,25.549999,37000
2019-07-25,25.540001,26.030001,25.209999,25.65,16300
2019-07-26,25.48,26.32,25.459999,26.040001,23800
2019-07-29,26.16,26.16,25.68,25.83,17200
2019-07-30,25.59,26.219999,25.5,26.15,42400
2019-07-31,26.25,26.74,25.99,26.07,38700
2019-08-01,26.120001,26.32,25.08,25.1,32400
2019-08-02,24.85,25.26,24.610001,25.110001,31800
2019-08-05,24.700001,25.459999,24.389999,24.73,32200
2019-08-06,24.9,25.200001,24.43,24.82,27500
2019-08-07,24.440001,24.85,24.440001,24.65,20900
2019-08-08,25.030001,25.389999,24.73,25.049999,31300
2019-08-09,24.969999,25.26,24.77,24.959999,15600
2019-08-12,24.780001,25.07,24.41,24.42,45500
2019-08-13,24.620001,25.15,24.620001,24.77,14500
2019-08-14,24.309999,24.450001,23.82,24.15,14400
2019-08-15,24.280001,24.51,24.1,24.26,24800
2019-08-16,24.389999,25.040001,24.389999,25.02,23900
2019-08-19,25.120001,25.469999,25.120001,25.34,26100
2019-08-20,25.139999,25.41,25.07,25.1,28000
2019-08-21,25.209999,26.18,25.139999,25.940001,37700
2019-08-22,25.860001,25.92,25.139999,25.35,48400
2019-08-23,24.98,25.27,23.950001,24.07,27500
2019-08-26,24.299999,24.870001,24,24.76,12500
2019-08-27,24.85,24.85,24.02,24.200001,27200
2019-08-28,24.190001,24.68,23.75,24.549999,15200
2019-08-29,24.540001,24.99,24.25,24.799999,17000
2019-08-30,24.959999,24.959999,24.41,24.639999,15500
2019-09-03,24.360001,24.690001,24.25,24.49,19600
2019-09-04,24.65,24.85,24.51,24.67,9000
2019-09-05,25,25.639999,24.780001,25.049999,26600
2019-09-06,25.1,25.1,24.469999,24.690001,17600
2019-09-09,24.83,25.9,24.83,25.469999,38700
2019-09-10,25.42,26.07,25.42,25.799999,22800
2019-09-11,25.76,26.5,25.76,26.34,37700
2019-09-12,26.219999,26.879999,25.790001,26.85,52000
2019-09-13,26.860001,27.219999,26.540001,26.85,57600
2019-09-16,26.700001,27.33,26.549999,26.860001,26800
2019-09-17,26.639999,26.870001,26.629999,26.67,19600
2019-09-18,26.690001,26.82,26.48,26.73,28800
2019-09-19,26.790001,27.290001,26.41,26.459999,13600
2019-09-20,26.370001,26.92,26.370001,26.66,108700
2019-09-23,26.6,26.950001,26.4,26.860001,28800
2019-09-24,26.9,26.959999,26.209999,26.440001,95100
2019-09-25,26.43,27.16,26.43,27.059999,25700
2019-09-26,27.1,27.1,26.41,26.559999,25500
2019-09-27,26.73,27.040001,26.469999,26.549999,30200
2019-09-30,26.639999,26.9,26.459999,26.559999,33000
2019-10-01,26.549999,26.74,25.870001,26.01,22400
2019-10-02,25.860001,26.190001,25.85,26.120001,39900
2019-10-03,26.110001,26.26,25.780001,26.16,20800
2019-10-04,26.23,26.549999,26.18,26.540001,58400
2019-10-07,26.379999,26.709999,26.25,26.43,19800
2019-10-08,26.290001,26.290001,25.92,25.969999,20000
2019-10-09,26.02,26.26,25.92,26.02,20100
2019-10-10,26.049999,26.209999,25.799999,25.879999,26600
2019-10-11,26.33,26.559999,26.190001,26.34,28700
2019-10-14,26.219999,26.370001,26.02,26.139999,19600
2019-10-15,26.32,26.860001,26.190001,26.4,42800
2019-10-16,26.299999,26.790001,26.18,26.43,22800
2019-10-17,26.6,26.66,26.379999,26.549999,15900
2019-10-18,26.360001,26.77,26.360001,26.690001,27200
2019-10-21,27.02,27.24,26.48,26.700001,42200
2019-10-22,26.629999,27.41,26.629999,27,60400
2019-10-23,26.92,27.049999,26.68,26.98,27800
2019-10-24,27.02,27.02,26.65,26.940001,56800
2019-10-25,26.950001,27.280001,26.950001,27.200001,37300
2019-10-28,27.42,27.559999,27.370001,27.5,27400
2019-10-29,27.48,27.790001,27.389999,27.75,36700
2019-10-30,27.59,27.82,27.17,27.700001,25800
2019-10-31,27.74,27.74,26.959999,27.24,32900
2019-11-01,27.48,27.67,27.299999,27.629999,20700
2019-11-04,27.889999,27.889999,27.290001,27.629999,27400
2019-11-05,27.709999,28.24,27.709999,28.030001,27900
2019-11-06,27.9,27.959999,27.610001,27.860001,20700
2019-11-07,28.129999,28.129999,27.5,27.73,35200
2019-11-08,27.68,27.790001,27.43,27.66,18500
2019-11-11,27.540001,27.709999,27.370001,27.540001,14700
2019-11-12,27.549999,27.77,27.549999,27.610001,10000
2019-11-13,27.450001,27.790001,27.15,27.33,17300
2019-11-14,27.34,27.440001,27.049999,27.280001,19400
2019-11-15,27.440001,27.5,27.15,27.15,11600
2019-11-18,27.110001,27.190001,26.889999,27.01,9800
2019-11-19,27.129999,27.26,26.889999,26.98,28100
2019-11-20,26.83,27.15,26.77,26.91,40100
2019-11-21,27.049999,27.049999,26.610001,26.73,32000
2019-11-22,26.879999,26.99,26.559999,26.9,41700
2019-11-25,26.959999,27.549999,26.84,27.4,31300
2019-11-26,27.219999,27.42,27.200001,27.200001,18500
2019-11-27,27.379999,27.379999,26.110001,27.1,14500
2019-11-29,27.26,27.360001,26.620001,26.799999,29300
2019-12-02,26.950001,27.280001,26.889999,27.219999,26600
2019-12-03,26.870001,27.299999,26.450001,26.74,18600
2019-12-04,26.9,27.120001,26.76,26.860001,17500
2019-12-05,27.1,27.209999,26.950001,26.950001,15500
2019-12-06,27.24,27.51,27.16,27.26,21700
2019-12-09,27.17,27.42,26.200001,27.26,58400
2019-12-10,27.299999,27.77,27.299999,27.719999,52500
2019-12-11,27.790001,28.15,27.43,28.059999,43900
2019-12-12,28.049999,28.85,28.049999,28.690001,40900
2019-12-13,28.540001,28.85,28.459999,28.58,38400
2019-12-16,28.33,29.049999,28.23,28.959999,37900
2019-12-17,28.870001,29.41,28.870001,29.27,24100
2019-12-18,29.48,29.530001,29.07,29.4,30000
2019-12-19,29.1,29.35,29.059999,29.309999,56000
2019-12-20,29.370001,30.15,29.17,30.139999,130000
2019-12-23,30.129999,30.129999,29.32,29.790001,38900
2019-12-24,29.65,30.07,29.26,29.6,13900
2019-12-26,29.469999,29.6,29.049999,29.24,29300
2019-12-27,29.139999,29.280001,29.040001,29.17,17600
2019-12-30,29.209999,29.25,29.01,29.08,138300
2019-12-31,29.07,29.4,29.049999,29.120001,22800
2020-01-02,29.25,29.370001,28.93,29.209999,33900
2020-01-03,28.92,29.25,28.549999,29.030001,17400
2020-01-06,28.870001,29.09,28.639999,28.889999,29500
2020-01-07,28.77,28.98,28.43,28.43,14200
2020-01-08,28.450001,28.629999,28.25,28.51,26400
2020-01-09,28.620001,28.790001,28.23,28.26,19400
2020-01-10,28.360001,28.360001,27.84,27.950001,31200
2020-01-13,27.940001,28.26,27.77,28.16,18100
2020-01-14,28.08,28.120001,27.790001,27.92,59300
2020-01-15,27.75,27.889999,27.139999,27.469999,21100
2020-01-16,27.450001,27.75,27.450001,27.700001,54600
2020-01-17,27.98,27.98,27.6,27.82,29100
2020-01-21,27.799999,28.299999,27.719999,27.85,157400
2020-01-22,27.780001,28.02,27.5,27.74,37800
2020-01-23,27.74,28.290001,27.68,28.110001,65700
2020-01-24,28.209999,28.280001,27.889999,28.040001,35900
2020-01-27,27.690001,28.16,27.5,27.809999,36000
2020-01-28,27.83,27.940001,27.469999,27.68,33200
2020-01-29,27.6,27.6,27.110001,27.17,21100
2020-01-30,27.01,27.43,26.870001,27.4,25600
2020-01-31,27.33,27.41,26.68,26.780001,33600
2020-02-03,26.76,27.360001,26.76,27.309999,30200
2020-02-04,27.559999,27.6,27.24,27.34,30200
2020-02-05,27.59,27.85,27.209999,27.75,23300
2020-02-06,27.75,27.75,27.6,27.639999,23100
2020-02-07,27.17,27.690001,27.17,27.5,32100
2020-02-10,27.530001,27.530001,27.219999,27.280001,16800
2020-02-11,27.5,27.940001,27.15,27.219999,17000
2020-02-12,27.370001,27.440001,27.01,27.26,12100
2020-02-13,27.35,27.440001,27.040001,27.200001,24600
2020-02-14,27.08,27.200001,26.99,27.059999,37800
2020-02-18,27.200001,27.200001,26.73,27.02,26400
2020-02-19,26.879999,27.139999,26.879999,26.9,11900
2020-02-20,26.84,27.17,26.84,27.110001,19200
2020-02-21,27.219999,27.25,26.879999,26.940001,21800
2020-02-24,26.32,26.73,26.209999,26.35,26700
2020-02-25,26.25,26.299999,25.290001,25.59,49200
2020-02-26,25.75,26.200001,25.33,25.440001,27500
2020-02-27,24.9,25.75,24.549999,24.68,33000
2020-02-28,24.08,24.549999,23.02,23.82,54800
2020-03-02,24.24,25.01,23.889999,24.780001,31300
2020-03-03,24.549999,24.709999,23.85,24.17,54000
2020-03-04,24.290001,24.540001,23.860001,24.469999,26700
2020-03-05,24.01,24.110001,23.120001,23.530001,33100
2020-03-06,22.809999,23.42,22.469999,22.790001,37300
2020-03-09,21.41,22.09,19.530001,19.709999,46900
2020-03-10,20.24,20.76,19.32,20.139999,80700
2020-03-11,19.860001,20.219999,19.5,19.76,45700
2020-03-12,19,19.91,16.5,16.790001,77700
2020-03-13,17.75,19,17.75,19,69300
2020-03-16,18.120001,18.120001,17.040001,17.1,68300
2020-03-17,17.25,19.969999,16.51,19.85,79400
2020-03-18,18.41,19,13.05,13.05,75000
2020-03-19,13.5,16.02,13.43,15.7,85700
2020-03-20,15.54,16.34,14.2,14.28,105400
2020-03-23,14.64,14.99,13.27,14.15,71000
2020-03-24,15.12,16.35,14.82,16.24,65600
2020-03-25,16.370001,17.889999,15.25,15.54,58600
2020-03-26,15.67,17.450001,15.62,17.4,47200
2020-03-27,16.52,17.48,14.87,17.200001,118500
2020-03-30,17.43,17.469999,16.73,17.440001,45000
2020-03-31,17.290001,17.629999,16.719999,17.58,80900
2020-04-01,16.549999,16.879999,15.88,16.059999,84400
2020-04-02,15.73,16.540001,15.33,16.049999,41300
2020-04-03,15.72,15.94,15,15.35,38000
2020-04-06,16.129999,16.34,15.63,16.1,42300
2020-04-07,16.440001,16.73,15.63,16.09,40500
2020-04-08,16.42,16.940001,15.96,16.860001,58700
2020-04-09,17.1,18.68,17.09,18.620001,34700
2020-04-13,18.23,18.27,17.32,17.58,42200
2020-04-14,18.02,18.620001,17,17.209999,49700
2020-04-15,16.33,16.59,15.93,16.309999,50900
2020-04-16,16.08,16.73,14.86,15.3,57000
2020-04-17,15.68,17.07,15.68,16.92,50100
2020-04-20,16.940001,18.01,16.940001,17.969999,144400
2020-04-21,17.200001,18.02,17.200001,17.790001,39700
2020-04-22,18.24,18.24,17.370001,17.65,29400
2020-04-23,17.67,18.52,17.67,18.08,41800
2020-04-24,18.450001,18.690001,17.92,18.43,27100
2020-04-27,18.52,19.969999,18.52,19.610001,31600
2020-04-28,20.1,20.440001,19.540001,20.200001,31400
2020-04-29,20.74,21.870001,19.74,21.389999,55700
2020-04-30,20.6,20.799999,19.799999,20.299999,49000
2020-05-01,19.5,20.23,18.049999,20.049999,44100
2020-05-04,19.77,20.73,18.9,19.17,29800
2020-05-05,19.68,19.68,17.83,17.940001,94300
2020-05-06,18.030001,18.59,17.76,18.049999,53300
2020-05-07,18.49,18.68,17.700001,17.92,64200
2020-05-08,18.450001,19.07,18.299999,18.629999,92600
2020-05-11,18.360001,18.65,17.559999,17.969999,61900
2020-05-12,17.969999,17.969999,17.1,17.129999,55600
2020-05-13,17.23,17.25,15.97,16.48,46000
2020-05-14,15.9,16.540001,15.41,16.42,47900
2020-05-15,16.33,16.629999,15.83,16.360001,29600
2020-05-18,17.290001,18.27,17.290001,18.190001,41900
2020-05-19,18.07,18.07,16.9,16.98,38300
2020-05-20,17.5,18.58,17.49,18.35,32000
2020-05-21,18.17,18.43,17.950001,18.16,19900
2020-05-22,18.23,18.32,17.85,18.26,21600
2020-05-26,19.209999,19.82,18.92,19.5,54300
2020-05-27,20.24,20.66,19.73,20.48,58700
2020-05-28,20.35,20.48,18.860001,18.860001,52800
2020-05-29,18.530001,19.26,18.02,18.84,49700
2020-06-01,18.75,18.75,17.67,18.110001,66300
2020-06-02,18.42,18.549999,17.65,18.059999,64600
2020-06-03,18.57,19.549999,18.549999,19.16,50800
2020-06-04,19,19.76,19,19.74,105600
2020-06-05,21.17,21.17,20.309999,20.530001,55700
2020-06-08,20.5,20.75,20.049999,20.450001,83100
2020-06-09,19.809999,20.35,19.299999,19.98,52600
2020-06-10,19.799999,19.799999,18.42,18.42,55800
2020-06-11,17.629999,18.360001,16.52,16.620001,82100
2020-06-12,17.469999,17.719999,16.73,17.48,63700
2020-06-15,16.610001,17.65,16.610001,17.639999,44300
2020-06-16,18.67,19.15,18.33,18.799999,79600
2020-06-17,19.040001,19.08,17.33,17.530001,35500
2020-06-18,17.32,17.93,17.299999,17.440001,26100
2020-06-19,17.700001,17.700001,16.889999,17.51,88000
2020-06-22,17.209999,17.98,17.040001,17.629999,20000
2020-06-23,17.889999,18.030001,17.27,17.440001,55800
2020-06-24,17.18,17.219999,16.65,16.809999,55200
2020-06-25,16.610001,17.67,16.469999,17.620001,66900
2020-06-26,17.25,18.24,16.559999,17.959999,184700
2020-06-29,18,18.52,17.809999,18.129999,50000
2020-06-30,17.93,19.15,17.93,18.879999,62100
2020-07-01,19.040001,19.040001,17.799999,17.799999,36900
2020-07-02,18.35,18.65,17.33,17.66,40400
2020-07-06,17.879999,18.219999,17.700001,18.01,34900
2020-07-07,17.76,17.879999,17.290001,17.379999,33200
2020-07-08,17.299999,17.48,16.75,17.129999,28600
2020-07-09,17.16,17.16,16.09,16.299999,50700
2020-07-10,16.309999,17.450001,16.309999,17.35,26100
2020-07-13,17.67,17.77,16.99,17.360001,28200
2020-07-14,17.32,17.549999,16.82,17.25,25500
2020-07-15,17.77,18.24,17.440001,17.959999,51200
2020-07-16,17.860001,18.17,17.459999,17.82,38900
2020-07-17,17.68,17.98,17.450001,17.59,31200
2020-07-20,17.790001,17.790001,17.120001,17.459999,121700
2020-07-21,17.66,19.1,17.66,19.07,43900
2020-07-22,18.940001,19.25,18.26,18.629999,64100
2020-07-23,18.530001,19.559999,18.530001,19.27,38900
2020-07-24,19.32,19.440001,18.969999,19.040001,35900
2020-07-27,18.92,18.93,18.48,18.790001,81400
2020-07-28,18.58,18.93,18.190001,18.190001,28600
2020-07-29,18.41,18.700001,17.969999,18.68,23800
2020-07-30,18.26,18.26,17.73,17.780001,33000
2020-07-31,17.559999,17.799999,17.23,17.58,54200
2020-08-03,17.76,18,17.41,17.719999,27900
2020-08-04,17.57,17.799999,17.309999,17.709999,24900
2020-08-05,17.92,18.18,17.719999,18.08,27500
2020-08-06,17.98,18.15,17.58,17.9,33300
2020-08-07,17.790001,18.889999,17.379999,18.84,25300
2020-08-10,18.879999,19.51,18.639999,19.27,29700
2020-08-11,19.690001,19.870001,19.4,19.530001,84100
2020-08-12,19.98,20.110001,19.5,20.1,91500
2020-08-13,20.120001,20.129999,19.17,19.309999,30400
2020-08-14,19.049999,19.790001,19.049999,19.43,16400
2020-08-17,19.540001,19.540001,18.84,19.190001,20100
2020-08-18,19.049999,19.129999,18.030001,18.040001,31100
2020-08-19,18.299999,18.6,18.1,18.200001,22000
2020-08-20,18,18.290001,17.84,18,22100
2020-08-21,18.049999,18.139999,17.530001,17.629999,60900
2020-08-24,17.76,18.49,17.5,18.35,24500
2020-08-25,18.629999,18.629999,18.120001,18.379999,20100
2020-08-26,18.34,18.34,17.629999,17.83,27800
2020-08-27,17.879999,18.370001,17.879999,18.17,14300
2020-08-28,18.27,18.280001,17.92,18.120001,16700
2020-08-31,18.030001,18.139999,17.84,17.870001,40200
2020-09-01,17.74,18.16,17.700001,18.049999,28500
2020-09-02,18.059999,18.35,17.99,18.26,18700
2020-09-03,18.34,18.93,17.85,17.93,20200
2020-09-04,18.370001,18.51,17.73,17.950001,37300
2020-09-08,17.84,18.059999,17.379999,17.68,38500
2020-09-09,17.82,17.82,17.34,17.440001,41600
2020-09-10,17.5,17.73,17.280001,17.459999,55400
2020-09-11,17.530001,17.67,17.43,17.52,23300
2020-09-14,17.690001,18.15,17.48,18.110001,32200
2020-09-15,18.23,18.23,17.780001,17.940001,38500
2020-09-16,17.92,18.139999,17.709999,17.9,37900
2020-09-17,17.690001,17.91,17.610001,17.68,15400
2020-09-18,17.84,18.16,17.559999,18.129999,100100
2020-09-21,17.620001,17.65,16.629999,16.98,73600
2020-09-22,17.02,17.02,16.370001,16.620001,45900
2020-09-23,16.700001,17,15.84,15.88,53600
2020-09-24,15.97,16.700001,15.97,16.27,29000
2020-09-25,16.049999,16.48,16.049999,16.26,26100
2020-09-28,16.52,17.040001,16.52,16.83,27400
2020-09-29,16.57,16.870001,16.27,16.700001,12400
2020-09-30,16.639999,16.93,16.629999,16.790001,36400
2020-10-01,16.9,17.02,16.57,16.799999,19800
2020-10-02,16.469999,17.57,16.469999,17.51,16900
2020-10-05,17.59,18.16,17.5,18.110001,25500
2020-10-06,18.27,18.48,17.559999,17.57,41400
2020-10-07,17.74,18.18,17.6,18.129999,31200
2020-10-08,18.219999,18.219999,17.23,17.93,43600
2020-10-09,17.959999,17.959999,17.6,17.639999,28000
2020-10-12,17.41,17.84,17.33,17.68,18300
2020-10-13,17.6,17.870001,17.17,17.370001,14300
2020-10-14,17.190001,17.41,17,17.02,11400
2020-10-15,16.629999,17.83,16.629999,17.82,21700
2020-10-16,17.57,17.940001,17.540001,17.82,19000
2020-10-19,18,18.93,18,18.77,130600
2020-10-20,19.68,20.450001,19.209999,19.799999,55900
2020-10-21,19.98,20.549999,19.82,20.389999,29700
2020-10-22,20.200001,20.75,20.200001,20.67,45400
2020-10-23,20.75,21.280001,20.459999,21.26,37900
2020-10-26,21.049999,21.57,20.73,21.52,45300
2020-10-27,21.52,21.59,21.07,21.389999,51800
2020-10-28,20.92,21.24,20.59,20.59,40900
2020-10-29,20.379999,20.51,19.799999,19.969999,30000
2020-10-30,19.99,20.34,19.700001,19.84,37100
2020-11-02,20.17,20.4,19.639999,20.17,29000
2020-11-03,20.5,21,20.389999,20.85,94900
2020-11-04,20.35,20.690001,19.07,19.18,90700
2020-11-05,19.190001,20.620001,19.120001,20.459999,92200
2020-11-06,20.27,20.59,19.33,19.469999,32800
2020-11-09,20.9,23.48,20.620001,21.959999,67700
2020-11-10,22.379999,23.440001,22.379999,23.299999,41300
2020-11-11,22.67,22.84,21.74,21.9,38100
2020-11-12,21.76,23.34,20.5,20.82,90300
2020-11-13,21.15,23.190001,20.75,21.530001,39500
2020-11-16,22.41,22.75,22.15,22.610001,21000
2020-11-17,22.32,22.469999,21.440001,22.379999,35400
2020-11-18,22.91,22.91,21.940001,21.940001,18200
2020-11-19,21.860001,22.08,21,22.08,15900
2020-11-20,21.67,22.129999,21.200001,21.940001,25000
2020-11-23,22.34,22.379999,21.57,21.639999,39500
2020-11-24,22.23,23.450001,21.790001,23.34,36400
2020-11-25,23,23.23,22.4,22.959999,41800
2020-11-27,22.780001,22.780001,22.4,22.610001,17100
2020-11-30,22.790001,22.790001,21.92,22,83700
2020-12-01,22.57,22.93,22.200001,22.620001,22100
2020-12-02,22.530001,23.07,22.219999,22.799999,15700
2020-12-03,23.370001,24.389999,22.790001,23.440001,31700
2020-12-04,23.530001,24.35,23.110001,24.07,28200
2020-12-07,23.83,23.93,23.59,23.74,24000
2020-12-08,23.469999,24.129999,23.34,23.93,29400
2020-12-09,24.27,24.440001,23.799999,24.02,37300
2020-12-10,24.17,24.17,23.790001,24.15,15200
2020-12-11,24.040001,24.059999,23.58,23.75,20400
2020-12-14,24,24.190001,23.74,23.809999,33200
2020-12-15,24.15,24.34,23.799999,24.190001,54400
2020-12-16,24.190001,24.719999,24.15,24.35,46600
2020-12-17,24.559999,24.59,24.030001,24.48,28600
2020-12-18,24.66,24.66,23.77,23.969999,130700
2020-12-21,24,24.030001,23.34,23.629999,22600
2020-12-22,23.549999,24,23.41,23.559999,24200
2020-12-23,23.610001,24.24,23.610001,23.83,17400
2020-12-24,23.709999,23.709999,23.370001,23.6,4300
2020-12-28,24.65,24.65,23.879999,23.950001,13800
2020-12-29,24.17,24.200001,21.639999,23.84,17500
2020-12-30,23.790001,24.02,23.58,23.620001,24800
2020-12-31,23.99,24.200001,23.450001,23.92,27800
2021-01-04,23.860001,24.09,23.219999,23.530001,34000
2021-01-05,23.620001,23.969999,23.309999,23.559999,52800
2021-01-06,24.24,25.290001,24.190001,24.91,63500
2021-01-07,25.360001,25.85,24.690001,25.59,26900
2021-01-08,25.41,25.41,24.469999,25,16600
2021-01-11,24.5,25.27,24.5,25.030001,30700
2021-01-12,25.27,25.790001,25.219999,25.65,20400
2021-01-13,25.85,25.85,25.01,25.299999,17000
2021-01-14,25.74,25.99,25.43,25.93,23000
2021-01-15,25.379999,25.700001,25.24,25.389999,26700
2021-01-19,25.549999,25.620001,25.02,25.290001,20500
2021-01-20,25.280001,26.43,24.74,24.82,20000
2021-01-21,24.77,24.77,23.879999,23.879999,31700
2021-01-22,23.879999,24.99,23.879999,24.99,43200
2021-01-25,25,25,23.040001,23.879999,29600
2021-01-26,24.030001,24.360001,23.02,23.110001,22800
2021-01-27,22.879999,22.879999,21.700001,22.200001,93000
2021-01-28,22.299999,22.58,21.879999,22.33,32500
2021-01-29,22.32,22.370001,21.629999,21.870001,36300
2021-02-01,22.23,22.23,21.48,21.49,72200
2021-02-02,22.030001,22.719999,21.799999,22.450001,98500
2021-02-03,22.4,22.540001,22.01,22.48,27500
2021-02-04,22.52,23.559999,22.49,23.469999,86700
2021-02-05,23.639999,23.639999,23,23.25,24700
2021-02-08,23.51,24.1,23.24,24.02,29500
2021-02-09,23.73,24.290001,23.450001,24.07,20800
2021-02-10,24.32,24.469999,23.91,23.950001,26300
2021-02-11,23.940001,24.16,23.629999,23.84,29400
2021-02-12,23.93,24.43,23.73,24.049999,16800
2021-02-16,24.030001,24.48,23.01,24.049999,24600
2021-02-17,24.15,24.610001,24.15,24.34,26100
2021-02-18,24.08,24.5,23.6,23.629999,12100
2021-02-19,23.68,24.290001,23.540001,24.290001,23100
2021-02-22,24.25,24.65,24.25,24.41,28900
2021-02-23,24.459999,25.5,23.950001,24.290001,60500
2021-02-24,24.5,25.32,23.860001,24.940001,43800
2021-02-25,24.91,24.91,24.200001,24.200001,14900
2021-02-26,24.209999,24.77,23.85,23.85,41900
2021-03-01,24.780001,25.700001,24.530001,25.299999,27800
2021-03-02,25.25,25.450001,24.48,24.610001,23000
2021-03-03,25.01,26.75,24.559999,25.700001,58300
2021-03-04,25.82,26.299999,25.01,25.32,41000
2021-03-05,25.459999,26.620001,25.459999,26.450001,35700
2021-03-08,26.66,27.77,26.450001,27.459999,42200
2021-03-09,27.469999,27.790001,26.77,27.26,55900
2021-03-10,28.360001,28.360001,27.469999,28.129999,47800
2021-03-11,28.120001,28.4,27.43,28.389999,36500
2021-03-12,28.799999,29.42,28.01,28.4,33500
2021-03-15,28.440001,28.440001,27.26,28.01,36600
2021-03-16,27.77,27.969999,27.16,27.77,28700
2021-03-17,27.809999,27.83,27.370001,27.51,31200
2021-03-18,27.790001,28.379999,27.15,27.719999,27200
2021-03-19,27.690001,28.91,26.84,27.530001,172000
2021-03-22,27.450001,27.75,26.52,27.120001,34600
2021-03-23,26.780001,27.49,25.76,25.959999,48600
2021-03-24,26.360001,27.51,26.32,26.43,58000
2021-03-25,26.43,27.08,25.98,26.870001,30400
2021-03-26,27.059999,27.67,26.68,27.67,24400
2021-03-29,27.110001,27.370001,26.620001,26.860001,19700
2021-03-30,26.879999,27.24,25.6,26.84,27700
2021-03-31,26.85,27.370001,26.48,26.799999,70400
2021-04-01,26.610001,27.35,26.610001,26.790001,44100
2021-04-05,27.23,27.23,26.27,26.709999,24400
2021-04-06,26.59,27.15,26.540001,26.91,20000
2021-04-07,27.18,27.23,26.6,26.940001,42200
2021-04-08,26.9,27.200001,26.799999,27.200001,41500
2021-04-09,27.309999,27.48,26.85,27.049999,18000
2021-04-12,26.9,27.35,26.9,27.25,15200
2021-04-13,27.030001,27.139999,26.4,26.610001,20300
2021-04-14,24.549999,27.040001,24.549999,26.75,14400
2021-04-15,26.879999,26.879999,25.92,26.84,17300
2021-04-16,27.209999,27.209999,26.450001,26.75,17700
2021-04-19,26.75,27.459999,26.58,26.85,82500
2021-04-20,26.76,27.299999,26.57,26.83,39600
2021-04-21,26.790001,28.85,26.75,28.33,170600
2021-04-22,28.540001,28.540001,27.42,27.42,46700
2021-04-23,27.4,28.18,27.4,27.950001,29600
2021-04-26,27.959999,28.219999,27.67,28.030001,38300
2021-04-27,27.91,28.15,27.610001,27.809999,41300
2021-04-28,27.4,27.85,27.059999,27.370001,32500
2021-04-29,27.5,27.93,27.110001,27.25,20900
2021-04-30,26.879999,27.690001,26.790001,27.07,46700
2021-05-03,27.42,27.99,27.139999,27.82,42000
2021-05-04,27.5,28.139999,27.41,27.809999,36900
2021-05-05,28.01,28.01,27.48,27.700001,15500
2021-05-06,27.15,28.030001,27.15,27.969999,63800
2021-05-07,27.67,28,27.65,27.889999,15700
2021-05-10,27.860001,28.18,27.42,27.469999,26400
2021-05-11,27.07,27.469999,26.75,26.85,33300
2021-05-12,27.09,27.5,26.389999,26.440001,39600
2021-05-13,26.139999,27.620001,26.139999,27.48,23500
2021-05-14,27.57,27.879999,27.23,27.879999,23700
2021-05-17,27.65,27.85,27.4,27.85,17600
2021-05-18,27.65,27.860001,27.209999,27.209999,19700
2021-05-19,27.01,27.370001,26.41,27.059999,16100
2021-05-20,26.91,27.190001,26.68,27.190001,29900
2021-05-21,27.459999,27.629999,27.27,27.540001,21200
2021-05-24,27.5,27.6,27.02,27.09,16800
2021-05-25,27.25,27.25,26.799999,26.83,67900
2021-05-26,26.809999,27.18,26.68,26.93,15500
2021-05-27,27.15,27.440001,27.049999,27.25,61700
2021-05-28,27.26,27.809999,26.959999,27.719999,17600
2021-06-01,27.91,28.209999,27.690001,27.91,16900
2021-06-02,28,28,27.389999,27.540001,15900
2021-06-03,27.540001,27.66,27.18,27.57,17300
2021-06-04,27.48,27.610001,26.9,27.5,13800
2021-06-07,27.549999,27.93,27.32,27.92,17700
2021-06-08,26.99,27.99,26.99,27.620001,17900
2021-06-09,27.49,27.58,27.17,27.25,14100
2021-06-10,27.389999,27.6,26.74,26.75,22700
2021-06-11,27.09,27.15,26.610001,26.889999,17800
2021-06-14,26.950001,27,26.4,26.58,65100
2021-06-15,26.84,26.950001,26.469999,26.85,15900
2021-06-16,26.68,27.129999,26.530001,27.030001,14300
2021-06-17,27.030001,27.040001,25.92,26.1,20700
2021-06-18,25.58,26.049999,24.26,24.4,139000
2021-06-21,24.940001,25.77,24.76,25.67,46300
2021-06-22,25.700001,26.049999,25.27,25.91,39300
2021-06-23,25.75,26.040001,25.549999,25.719999,93500
2021-06-24,25.98,26.18,25.549999,26.139999,24700
2021-06-25,26.18,26.34,25.07,25.280001,212200
2021-06-28,25.360001,26.030001,25.15,25.67,42000
2021-06-29,25.959999,26.25,25.4,25.440001,29500
2021-06-30,25.4,25.889999,25.4,25.450001,31600
2021-07-01,25.68,25.959999,25.43,25.540001,48300
2021-07-02,25.549999,25.58,25.27,25.35,100500
2021-07-06,25.35,25.6,24.41,24.91,32000
2021-07-07,24.790001,25.76,24.700001,24.700001,31900
2021-07-08,24.450001,24.57,24,24.32,26300
2021-07-09,24.780001,26.99,24.42,25.07,14400
2021-07-12,24.82,25.450001,24.450001,25.450001,23000
2021-07-13,25.35,25.35,24.75,24.98,26000
2021-07-14,25,25.1,24.700001,24.93,23100
2021-07-15,24.73,25.33,24.549999,25.25,19500
2021-07-16,25.620001,25.629999,24.969999,25.030001,24300
2021-07-19,24.99,24.99,23.809999,24.07,169000
2021-07-20,24.01,25.09,24.01,24.5,49200
2021-07-21,24.870001,25.24,24.83,24.83,29900
2021-07-22,24.77,24.77,23.950001,24.23,22400
2021-07-23,24.41,24.41,23.870001,24.200001,26400
2021-07-26,24.200001,24.700001,24.200001,24.52,20700
2021-07-27,24.49,24.49,24.17,24.370001,72000
2021-07-28,24.540001,24.780001,24.34,24.629999,45500
2021-07-29,24.690001,24.690001,23.809999,24.43,23600
2021-07-30,24.280001,24.42,24.120001,24.129999,19500
2021-08-02,24.389999,24.65,23.9,23.950001,30700
2021-08-03,24.01,24.33,23.780001,24.17,14200
2021-08-04,23.85,24.209999,23.85,24.01,16900
2021-08-05,24.190001,24.440001,23.93,24.370001,15600
2021-08-06,24.65,25.110001,24.65,24.950001,23900
2021-08-09,24.9,25.09,24.540001,24.57,14300
2021-08-10,24.6,24.879999,24.530001,24.6,14500
2021-08-11,24.74,24.98,24.66,24.98,12400
2021-08-12,25.17,25.17,24.639999,24.68,17500
2021-08-13,24.700001,24.700001,24.41,24.52,11700
2021-08-16,24.4,24.6,23.870001,24.52,15700
2021-08-17,24.360001,24.379999,24.110001,24.200001,18600
2021-08-18,24.110001,24.34,23.75,23.77,18500
2021-08-19,23.629999,23.85,23.35,23.799999,18700
2021-08-20,23.639999,24.200001,23.57,24.120001,26200
2021-08-23,24.26,24.299999,24,24.18,29000
2021-08-24,24.370001,24.370001,23.950001,24.02,24400
2021-08-25,24.139999,24.33,24.049999,24.049999,24800
2021-08-26,24.09,24.17,23.959999,24.139999,32800
2021-08-27,24.18,25.4,24.18,25.26,33700
2021-08-30,25.26,25.33,25.08,25.23,42100
2021-08-31,25.16,25.540001,25.15,25.42,28900
2021-09-01,25.25,25.280001,24.82,25.01,33500
2021-09-02,25.139999,25.139999,24.85,24.959999,23800
2021-09-03,24.959999,25,24.59,24.92,20200
2021-09-07,25.07,25.18,24.450001,24.469999,19100
2021-09-08,24.42,25.030001,23.91,24.15,22100
2021-09-09,24.059999,24.360001,23.93,23.950001,27200
2021-09-10,24.190001,24.190001,23.42,23.459999,27000
