date,open,high,low,close,volume
1999-04-09,27,32.5625,24.375,27.6875,20491400
1999-04-12,26.5,28.125,24.9375,27.125,3618000
1999-04-13,27.1875,31.28125,27.1875,27.6875,2062200
1999-04-14,27.8125,30,24.125,25.5,1378800
1999-04-15,25.25,25.25,19.875,23.5,2663200
1999-04-16,23.375,27.5,22.4375,27.5,1571200
1999-04-19,26.625,27.25,19.8125,20.3125,1491600
1999-04-20,19.25,23.25,17.53125,20.75,1258800
1999-04-21,20.71875,22.625,19.8125,21.625,762800
1999-04-22,24,24.25,21,21.0625,891400
1999-04-23,20.8125,24.25,20.75,23.5,801800
1999-04-26,23.5,27.5,23.5,26.40625,1445800
1999-04-27,27.5,28.6875,25.21875,26,702800
1999-04-28,26.375,26.375,23.875,25.25,516200
1999-04-29,24.59375,25.46875,22,25.25,463600
1999-04-30,26.625,28.5,26.25,27.71875,718800
1999-05-03,27.875,27.96875,24,26.5625,614200
1999-05-04,24.625,24.625,21.375,22.875,1710600
1999-05-05,23,23,19.25,20.875,1757800
1999-05-06,21.375,21.4375,19.28125,20.34375,865400
1999-05-07,20.375,21,19.9375,19.9375,315400
1999-05-10,20.1875,20.8125,19.4375,19.75,186200
1999-05-11,19.75,19.96875,18.625,19.15625,565200
1999-05-12,19.0625,22.1875,19.0625,21.9375,1103800
1999-05-13,22.46875,23.96875,22.40625,23.53125,1549000
1999-05-14,22.875,24.75,21.75,24.625,808400
1999-05-17,24.84375,25.125,23.5625,25,764800
1999-05-18,25.09375,25.1875,24.25,24.4375,520600
1999-05-19,24.4375,24.46875,22.5,23,315200
1999-05-20,23,23.25,21.5,21.5,265400
1999-05-21,21.6875,21.75,20.25,20.78125,273600
1999-05-24,21,22,20,21.5,225800
1999-05-25,21.1875,21.5,20.5,21,469800
1999-05-26,20.875,22,18.625,19.875,1131800
1999-05-27,19.71875,19.96875,18.5625,19.25,265800
1999-05-28,21.9375,22,19.78125,21.3125,488400
1999-06-01,21.5625,21.875,20.59375,20.875,132000
1999-06-02,21,21,19.25,20.1875,194800
1999-06-03,20.15625,20.375,19.9375,20.0625,138400
1999-06-04,20.125,20.375,20,20.0625,115000
1999-06-07,20.75,22.75,20.5,22.46875,393600
1999-06-08,22.96875,23.375,22.6875,23.375,623200
1999-06-09,24,24,23.1875,23.71875,230000
1999-06-10,23.3125,23.875,23.09375,23.875,181200
1999-06-11,23.65625,24,22.5,22.65625,199600
1999-06-14,22.53125,23.25,21.5,22.8125,181000
1999-06-15,22.75,23.25,21.5,21.703125,163400
1999-06-16,22,22.1875,21.8125,21.875,285400
1999-06-17,21.875,21.875,21.5,21.65625,332800
1999-06-18,21.6875,21.71875,21.5,21.71875,263000
1999-06-21,21.65625,23.25,21.625,22.875,1471800
1999-06-22,22.875,24,22.375,22.625,567800
1999-06-23,22.96875,24.75,22.625,24.3125,850600
1999-06-24,25.0625,26,24,24.96875,1147200
1999-06-25,25.5,26.1875,24.75,25.0625,525400
1999-06-28,25.25,26.125,25.25,25.59375,1079800
1999-06-29,25.6875,29.5,25.4375,28.25,1712200
1999-06-30,28.34375,29.0625,27,29.03125,1151400
1999-07-01,28.40625,28.75,27.5625,28,432200
1999-07-02,28.5625,28.625,26.5,27,858400
1999-07-06,26.5625,27,25.6875,25.6875,1287400
1999-07-07,25.8125,27.875,25.1875,27.5,855400
1999-07-08,28.25,31,27.875,31,1781200
1999-07-09,30.96875,32.75,29.9375,31,1463200
1999-07-12,31.5,32,30.8125,31.375,561600
1999-07-13,30.90625,33.75,30.5625,33,865000
1999-07-14,33.625,33.9375,31.5625,32.71875,550400
1999-07-15,32.90625,34.5625,32.25,33.96875,496800
1999-07-16,34.125,35.5625,34.125,34.8125,471600
1999-07-19,35,35,31.0625,31.375,719600
1999-07-20,31.03125,31.1875,27.90625,29.125,729200
1999-07-21,29.84375,33.21875,29.25,32.90625,926200
1999-07-22,32.25,32.75,28.375,28.375,1385000
1999-07-23,29.5625,30.125,27,28.09375,1076600
1999-07-26,27.28125,28.03125,25.6875,26.125,492600
1999-07-27,26.5,27.5,26.5,26.59375,522600
1999-07-28,26.625,26.75,24.75,25.03125,1096000
1999-07-29,24.375,25.3125,23.53125,25.25,579200
1999-07-30,25.25,25.5,23.0625,24.375,398200
1999-08-02,24.375,24.375,22.5,22.8125,464800
1999-08-03,23.4375,25.09375,22.53125,25.0625,1165600
1999-08-04,25,25.5,23.625,23.78125,699600
1999-08-05,24.125,26.5,23.5625,26,922400
1999-08-06,25.9375,26.84375,24.625,24.84375,623600
1999-08-09,24.9375,25.875,24.8125,25.25,714000
1999-08-10,25.25,26.625,25,26.625,700600
1999-08-11,27.03125,27.875,26.53125,27.5,1127200
1999-08-12,27.53125,30.75,27.5,30.5625,1117200
1999-08-13,30.25,33.28125,30.25,32.625,1802800
1999-08-16,32.1875,32.375,31.0625,31.375,643000
1999-08-17,31.5,31.5,28.09375,28.75,673400
1999-08-18,29,31.75,29,30.9375,1327000
1999-08-19,30.28125,32.25,29.875,31.34375,891800
1999-08-20,31.5,33,31.5,32.4375,836200
1999-08-23,32.5,43.75,32.4375,42.25,3720200
1999-08-24,39.25,45.125,38.5,40.5,3051800
1999-08-25,41.9375,42.0625,36,37.5625,1791400
1999-08-26,37.90625,37.9375,35.125,36.625,1343000
1999-08-27,36.46875,38.46875,34.0625,34.4375,1475600
1999-08-30,33.8125,34,31.875,32.8125,1793200
1999-08-31,32.9375,33.0625,31,31.96875,1477600
1999-09-01,32.125,32.1875,29.5,29.875,2486400
1999-09-02,29,31.65625,28.3125,30.75,4197800
1999-09-03,32,33.96875,31.625,33.125,2241600
1999-09-07,33.53125,33.625,30.25,30.28125,1202600
1999-09-08,30.71875,32.875,30.375,32.5625,1657400
1999-09-09,32.875,36.96875,32.75,34.6875,2073400
1999-09-10,35.53125,35.53125,32.9375,33.9375,1769200
1999-09-13,34.0625,34.0625,30.5625,31.71875,736400
1999-09-14,31.40625,31.40625,29.5,30,1048000
1999-09-15,30.625,31.3125,28,28.28125,1792800
1999-09-16,28.875,29.1875,26.75,28.03125,1547200
1999-09-17,28.5625,29.0625,27.9375,28.6875,1141200
1999-09-20,28.8125,29.3125,28.53125,29,934200
1999-09-21,28.75,30.0625,27.5,27.84375,991400
1999-09-22,27.5,28.25,26.5,27,857600
1999-09-23,27.375,28.625,27.0625,27.1875,1517000
1999-09-24,27.5,28.5625,25,28,1831400
1999-09-27,29.25,30.25,28.09375,30.046875,1807800
1999-09-28,29.96875,35.75,29.875,33.3125,6337400
1999-09-29,34.71875,37.875,32.625,33.46875,5677400
1999-09-30,31,33,29.75,31.65625,3275000
1999-10-01,31.5625,31.6875,29.875,30.65625,1017400
1999-10-04,30.5625,32.6875,30.5,32.5,762800
1999-10-05,33.5,34.5625,32.375,33.34375,1346400
1999-10-06,33.5,36.125,33.4375,35.9375,2048400
1999-10-07,36.46875,36.75,35.4375,36,889800
1999-10-08,36,36,34.25,35.6875,775200
1999-10-11,37,40.1875,36.75,38.125,2553400
1999-10-12,37.6875,39.125,37.0625,37.625,1497400
1999-10-13,36.9375,39.75,36.875,39.4375,2310000
1999-10-14,40.125,50.46875,40.125,45.484375,9877200
1999-10-15,41.53125,47.0625,40,43.625,2501800
1999-10-18,43,43.5625,37.15625,40.875,2033400
1999-10-19,41.75,45.75,38.5,38.78125,4797800
1999-10-20,40.5,41.5625,39.125,40.6875,10440200
1999-10-21,39,42.6875,39,42.3125,5057400
1999-10-22,42.96875,43.8125,40.25,41.5,2617200
1999-10-25,39.9375,41.25,37.09375,39.625,4406600
1999-10-26,39.9375,40.9375,37.9375,37.9375,1477800
1999-10-27,38.8125,40.21875,37.9375,38.75,2376600
1999-10-28,39.6875,39.75,38.25,38.25,1184200
1999-10-29,39,41.1875,39,40.15625,3293200
1999-11-01,40.53125,42.25,39.9375,41.25,1958800
1999-11-02,41.0625,43.4375,41.0625,42.125,2843600
1999-11-03,43.3125,44.75,42.6875,43.4375,3674200
1999-11-04,44.875,45.75,42.25,43.6875,2571200
1999-11-05,44.75,45.5,39.5,40.5,3020800
1999-11-08,40.625,42.28125,40.09375,40.5,1512800
1999-11-09,40.90625,41.6875,39.1875,41.4375,1128800
1999-11-10,41.5,44.6875,41.25,44.5,2966400
1999-11-11,45.15625,46,44.125,45.21875,2349800
1999-11-12,45.5625,45.75,42.125,44,2274200
1999-11-15,44.375,44.375,43.25,43.96875,1384000
1999-11-16,44.4375,47.5,44,47.46875,2503200
1999-11-17,47.21875,50.4375,46,48.875,3611600
1999-11-18,49.0625,49.8125,47.25,48.875,2308400
1999-11-19,49,52.125,48.75,49.03125,2577000
1999-11-22,48.875,49,45.5,47.125,1947200
1999-11-23,35.5625,37.5,32.5,35.125,30729000
1999-11-24,37.0625,39.25,36.984375,37.5625,9264000
1999-11-26,38.03125,39.03125,37.1875,38.1875,1753400
1999-11-29,38.71875,38.8125,35.75,35.8125,3975200
1999-11-30,36,36,33.0625,33.1875,3437400
1999-12-01,33.6875,35.0625,33.0625,34.3125,1913000
1999-12-02,34.5,34.875,33.1875,33.59375,2117400
1999-12-03,33.75,34,30,31.1875,6743800
1999-12-06,32,35.742188,32,34.4375,7854000
1999-12-07,35,36.59375,34.9375,36.25,2605800
1999-12-08,36.71875,37,33.75,34.5,2371400
1999-12-09,34.9375,35.0625,31.34375,32.9375,3685400
1999-12-10,33,33.5,31.5,31.90625,1585200
1999-12-13,32,35.125,30.90625,35,2930400
1999-12-14,34.9375,34.9375,32.375,32.53125,1561200
1999-12-15,32.59375,32.625,31.21875,32.375,1541000
1999-12-16,32.5,34.8125,32.15625,33.15625,1326000
1999-12-17,33.9375,34.6875,33.25,33.3125,1472200
1999-12-20,33.3125,33.5,32.34375,32.71875,1201000
1999-12-21,32.5,32.625,31.125,32.21875,1833200
1999-12-22,32.53125,32.75,30.9375,31.15625,1805000
1999-12-23,31.3125,32.5625,31.28125,31.5,1613000
1999-12-27,32.125,32.125,30.875,31,714000
1999-12-28,30.9375,33.8125,30.875,33.5625,3232000
1999-12-29,33.59375,37.5,33.59375,36.625,4076200
1999-12-30,44.125,45,39.75,41.34375,6259000
1999-12-31,41.28125,42.5,39.03125,41.75,758600
2000-01-03,43.625,44.1875,39.84375,42.75,3521400
2000-01-04,40.5625,43.5,40,42.25,3033800
2000-01-05,41.5625,43.75,40.125,41.6875,3016200
2000-01-06,41.6875,43.5,40.25,40.5,1386400
2000-01-07,40.625,41.25,36.6875,38.34375,2584000
2000-01-10,39.25,39.5,37,38,2307400
2000-01-11,38,39.375,37.625,39,2813000
2000-01-12,39.25,41.1875,36.625,38.3125,1250800
2000-01-13,38.875,39.625,36.5,39.125,1187800
2000-01-14,39.25,40.3125,37.375,38.3125,849400
2000-01-18,39.375,39.96875,38.1875,39,1841400
2000-01-19,38.75,41,38.0625,39.0625,4395400
2000-01-20,42.4375,48,42.25,46.875,14035000
2000-01-21,46.3125,46.5,43.5,44.4375,5876000
2000-01-24,44.6875,45.9375,43.375,44.71875,6104400
2000-01-25,45.09375,49,44.8125,48.09375,4786400
2000-01-26,48.5625,48.625,46.5,46.5,1675800
2000-01-27,46.625,46.71875,43.75,45.875,1953000
2000-01-28,45.3125,46.4375,43,43.6875,1350400
2000-01-31,43.5,43.9375,40.8125,42.3125,1008200
2000-02-01,43,43.125,41,41.6875,731200
2000-02-02,41.5625,41.8125,39,41.5,3128400
2000-02-03,41.5625,41.9375,40,40.3125,1910200
2000-02-04,40.75,44.5,40.5,41.09375,3150000
2000-02-07,44.4375,45.8125,41.5625,44.3125,2907600
2000-02-08,45.21875,46.875,45.125,46.5,3090000
2000-02-09,46.96875,49.5625,44.5,49.15625,3622000
2000-02-10,49.125,50.5,46.75,48.6875,2031800
2000-02-11,48.6875,49.8125,46,48,1319000
2000-02-14,47.875,50.125,47.5,48.25,1383800
2000-02-15,48.25,48.25,45.75,46.90625,2651000
2000-02-16,47,47,44.8125,45.375,1118400
2000-02-17,45.96875,46.5,44.15625,45.8125,1538000
2000-02-18,46.1875,46.1875,41.25,42.5,2246600
2000-02-22,43.4375,43.4375,40.625,42,2080600
2000-02-23,42.03125,42.875,41,42.875,2548000
2000-02-24,44.4375,46.09375,43.75,45.9375,3731400
2000-02-25,45.625,49.125,45.5625,48.8125,5004200
2000-02-28,49,49.25,46.375,46.835938,2885400
2000-02-29,51.125,57.9375,51,55.625,11802200
2000-03-01,55.625,55.625,53.0625,54,4981200
2000-03-02,55,57.96875,54.625,56.5,4690200
2000-03-03,57.78125,60,56.3125,59.5,3818400
2000-03-06,59.625,59.6875,56.3125,57,3168400
2000-03-07,57.25,57.3125,52,52.5,2759200
2000-03-08,53.65625,57.9375,53.5,56.75,2866600
2000-03-09,57.5,58.75,55.3125,57.5,1659200
2000-03-10,58.3125,60.6875,55.875,56.03125,2197800
2000-03-13,53.5,57.25,52.25,53.46875,1943600
2000-03-14,54.1875,56.6875,52.375,54.4375,2067000
2000-03-15,55,55.625,47,47.5,2833000
2000-03-16,49.28125,50.6875,43.5,49.40625,3337200
2000-03-17,50.0625,53.875,49.5,53.117188,3451600
2000-03-20,54.21875,56.3125,50,50.351563,2276600
2000-03-21,53.5,58.5,47.5,56.375,6296800
2000-03-22,57.0625,58,53.5,55,2683800
2000-03-23,55.125,57.5,54.96875,57.1875,2168400
2000-03-24,57.375,58.5625,53,54.15625,1535000
2000-03-27,56,56,53.25,53.875,1158200
2000-03-28,54.5625,55.1875,52.5,53.53125,1550200
2000-03-29,54.875,55,48,48.6875,2754000
2000-03-30,47.4375,49.0625,38.59375,41,4727800
2000-03-31,42.96875,43,37.21875,39.5,7181000
2000-04-03,40.5,40.5,33.625,34.03125,4160800
2000-04-04,36.5,36.5,26.5,34.875,4714000
2000-04-05,34.25,40.875,33.5,36.71875,4541200
2000-04-06,39.5625,41.6875,38,39.25,2444400
2000-04-07,40.71875,43.3125,39.3125,40.28125,2086800
2000-04-10,42.75,42.875,38.125,38.4375,3056400
2000-04-11,37.4375,39.375,35,38.25,2254200
2000-04-12,38.9375,39.3125,35.125,35.5,1954800
2000-04-13,35.75,37.5,34.375,35,2021600
2000-04-14,34,34.4375,29.125,29.28125,2797600
2000-04-17,27.75,30.9375,25.5,28.875,2413800
2000-04-18,31.125,36.875,30.8125,35.5,2924200
2000-04-19,36.25,41.25,35.125,39.71875,3002600
2000-04-20,39,39,30.5,32.5625,7509400
2000-04-24,31.75,31.75,26.34375,27.5,4721600
2000-04-25,30,30.25,28.53125,29.71875,5409000
2000-04-26,30.0625,31.34375,28,28.4375,2979200
2000-04-27,27.625,28.625,26.484375,26.75,3876800
2000-04-28,27.875,30.5625,27.5,28.8125,4634200
2000-05-01,30.5,32.125,29.25,29.875,2861200
2000-05-02,29.96875,30.625,28.65625,29.03125,2510200
2000-05-03,29.8125,30.4375,27,29.375,2329800
2000-05-04,29.625,30,28.5625,29.40625,1816800
2000-05-05,29.40625,34.117188,29.1875,33.679688,4879800
2000-05-08,32.53125,33.1875,30.5625,31.09375,2355200
2000-05-09,31.8125,31.9375,30,30.1875,1304200
2000-05-10,29.75,29.75,25.375,25.5,4888400
2000-05-11,27,29.625,26.375,28.5,2650200
2000-05-12,29.25,30.3125,28.6875,29.34375,1891600
2000-05-15,29.4375,29.59375,27.375,29.46875,850000
2000-05-16,30.375,32.375,30,31.4375,2302000
2000-05-17,30.5,31.375,29.5,31,1570200
2000-05-18,31.5,32.125,28.75,28.875,2616000
2000-05-19,28.53125,28.53125,26.5,26.6875,1299600
2000-05-22,26.75,29,23.3125,28.4375,2870200
2000-05-23,27.65625,28,24.875,24.945313,2032200
2000-05-24,25.125,25.375,22.28125,24.3125,3356800
2000-05-25,25.25,25.5,21.1875,21.4375,3875200
2000-05-26,21.734375,22.75,21.25,22.03125,2879600
2000-05-30,23.625,24.25,22.9375,24.0625,3635400
2000-05-31,23.4375,25.125,22.5,24.4375,2854400
2000-06-01,25.0625,25.1875,24.125,24.75,2894600
2000-06-02,27.375,28.6875,27,28.28125,4609200
2000-06-05,28.25,35.5,28.125,35.5,5723600
2000-06-06,35.4375,36.0625,32.75,33.96875,4799000
2000-06-07,33.75,37.6875,33.375,37,2860000
2000-06-08,37.625,39.875,36.4375,37.5,5863000
2000-06-09,38.5,41.5,38.5,41.0625,4175000
2000-06-12,41.4375,42.25,38.8125,40.34375,2370400
2000-06-13,40,45.875,39.59375,43.875,3921600
2000-06-14,44.03125,46.25,42.25,43.5,2668400
2000-06-15,43.625,44.1875,40.3125,43.21875,2662400
2000-06-16,43.484375,43.9375,42.3125,42.375,1761200
2000-06-19,42.5625,49.75,41.5,48.03125,4460400
2000-06-20,48,50.75,48,50.5,3547800
2000-06-21,49.875,50.21875,48.4375,49.75,2324200
2000-06-22,50.265625,53.125,50.1875,51.1875,2578400
2000-06-23,51.28125,51.3125,47.25,48.0625,2115400
2000-06-26,48.8125,49.75,48,49.03125,3309200
2000-06-27,48.875,49.25,45.875,46.125,1215000
2000-06-28,46.3125,50,46.1875,50,1853800
2000-06-29,49.59375,51.375,49,50.625,1788600
2000-06-30,50.96875,53.0625,50.75,52.75,1457200
2000-07-03,51.8125,52.125,50.25,50.5625,453800
2000-07-05,51,51,46.375,47.46875,952600
2000-07-06,48.15625,48.75,45.3125,46.25,1141600
2000-07-07,47.25,52.3125,47,50.625,1659200
2000-07-10,51.25,57.5625,51.25,56,6912000
2000-07-11,57,62.75,56.25,61.5,7568800
2000-07-12,62.53125,62.75,58.53125,59.28125,4574000
2000-07-13,59,62.742188,57.90625,61.976563,2286800
2000-07-14,63.0625,73.28125,63.0625,71.25,6986400
2000-07-17,70.375,72.125,66,67.5,4170200
2000-07-18,65.5,66.5625,62.5625,64.65625,2573000
2000-07-19,62.71875,63.28125,56.8125,58,5235600
2000-07-20,63.5,75.375,62.875,74.125,13581200
2000-07-21,71.625,79.4375,71.15625,78.5,8702600
2000-07-24,75.4375,75.5,65.609375,66.75,6522600
2000-07-25,69.84375,72.6875,68.28125,72.03125,5675400
2000-07-26,72.03125,75.5,70.5625,74.9375,5489400
2000-07-27,74.976563,74.976563,67.5,69.820313,4675600
2000-07-28,69.53125,73.75,64,64.96875,6937200
2000-07-31,66.25,72.5,65,69.820313,4872000
2000-08-01,69.90625,70.75,66.03125,66.375,2646800
2000-08-02,66.84375,69.5625,63.59375,64.15625,3046000
2000-08-03,59.8125,69.5,58.875,67.1875,5164400
2000-08-04,70.03125,71.5625,67.84375,70.90625,3827600
2000-08-07,71.5625,74.65625,71,74.3125,2866200
2000-08-08,75.53125,79.75,74.375,78.9375,4844000
2000-08-09,81.4375,81.5,78.125,78.28125,5310800
2000-08-10,77.1875,80.5,75.625,80.1875,4200200
2000-08-11,79.25,79.9375,75.53125,79.875,1983600
2000-08-14,81.375,86.1875,79.5,84.125,4130000
2000-08-15,84.25,87.21875,82.25,86.6875,3368400
2000-08-16,87.125,88,83.5625,84.84375,2714600
2000-08-17,83.875,95.4375,83.28125,93.28125,6867800
2000-08-18,92.28125,93.25,87.84375,89.0625,3800600
2000-08-21,91,91.875,83.3125,85.96875,3156200
2000-08-22,86.5,88.25,82.25,84.125,4906400
2000-08-23,82.46875,86.25,81.0625,85.90625,3560600
2000-08-24,87.65625,91.875,86.4375,89.96875,2683800
2000-08-25,87.875,90.5,85.875,88.0625,1876600
2000-08-28,90.375,93.75,88.125,91.875,1979900
2000-08-29,93.6875,93.9375,86,87.5,2006300
2000-08-30,87.5,89,84.125,84.25,1494100
2000-08-31,87.5,93.75,87.125,93.0625,3277500
2000-09-01,95.75,98.25,94,96.25,3197300
2000-09-05,98.5625,100.125,90.75,91.375,2634900
2000-09-06,92.890625,94.375,88.5,91.125,1476200
2000-09-07,91.4375,95.375,89.03125,95.125,1940500
2000-09-08,94,94.125,86,86.25,2304300
2000-09-11,87.25,89.5,82,84.5625,2814200
2000-09-12,87.6875,87.75,76,77.75,3997100
2000-09-13,73.5,89.875,73,89.375,5992400
2000-09-14,93,95.25,91.1875,93.375,4383200
2000-09-15,93.3125,93.6875,87.1875,90,1823600
2000-09-18,90,95.125,89.375,92.0625,3248300
2000-09-19,93.125,104.9375,90.25,104.125,4707500
2000-09-20,106.375,112.5,102.75,110.25,6599800
2000-09-21,107.1875,108.75,104.5,105,2547000
2000-09-22,98.8125,124,98.75,124,5837000
2000-09-25,127.1875,128.25,115.625,118,5225900
2000-09-26,118.75,121,109.125,111.6875,4182400
2000-09-27,116.5,116.9375,108,112.25,2923200
2000-09-28,109.875,121.25,104.703125,120.6875,5636700
2000-09-29,121.6875,124.5,113.625,114.5,3050400
2000-10-02,116.5,117.9375,99,100.5,4872600
2000-10-03,103.5,108.5,94.5,96.25,6771400
2000-10-04,95.8125,110,92,107.75,7981500
2000-10-05,106.8125,108,98,100.0625,4624600
2000-10-06,99.75,103,92.5625,99.8125,4006200
2000-10-09,97,109.0625,92.375,104.125,4110300
2000-10-10,102.3125,109.75,96.5,100.6875,3947600
2000-10-11,97.25,109.1875,97,102,7240500
2000-10-12,108.4375,110.625,100.125,104.75,6411800
2000-10-13,102.8125,115.625,100.9375,114.375,4982700
2000-10-16,115.5,125.875,113.75,123.5625,6546200
2000-10-17,125.125,128.875,114.625,118.6875,5509200
2000-10-18,110,122.8125,105,107.125,8959600
2000-10-19,102,102.5,88,94.8125,17732500
2000-10-20,95.5,102,92.0625,99.375,5698900
2000-10-23,98.125,105.25,95.75,97.125,4141600
2000-10-24,97.5625,98,80.625,85.625,10645400
2000-10-25,77.6875,78.75,65.375,68.1875,12525000
2000-10-26,68.46875,71.875,59,70.75,11244400
2000-10-27,75.625,80.75,69.25,75.75,8027600
2000-10-30,72,78,63,71.1875,8560800
2000-10-31,73.25,85.6875,73.25,82.9375,6651700
2000-11-01,79.75,89.4375,77,84.9375,5562000
2000-11-02,87.375,91.625,85.75,88.3125,4051300
2000-11-03,90.125,99.5,88.4375,94.8125,5940700
2000-11-06,96.375,96.9375,90,91.6875,2726700
2000-11-07,88.875,98.5,87,96.375,4281400
2000-11-08,97,97.0625,76.5,78.625,6697000
2000-11-09,76.3125,86.5,74.75,79,9014100
2000-11-10,77.5,84,76.5,80.125,4997300
2000-11-13,76.25,83.4375,72.125,77.5,5975800
2000-11-14,84.3125,91.625,82.75,87.9375,5436800
2000-11-15,86.6875,88.8125,81.125,84.125,3481100
2000-11-16,81.546875,86.75,76.5,77.5,4020600
2000-11-17,79.25,81.5,73.25,73.3125,4154500
2000-11-20,64.8125,66.875,63,65,6590400
2000-11-21,65,72.5,64.75,70,4019600
2000-11-22,67.4375,73.125,67,69.625,4130200
2000-11-24,73.3125,79.625,69.25,79.1875,1569400
2000-11-27,81.875,84.9375,70.0625,70.3125,4513100
2000-11-28,71.75,75.25,65.0625,66.6875,3818200
2000-11-29,68.25,68.375,50.75,57.25,9329500
2000-11-30,52.5,57.25,46.25,51.375,12586800
2000-12-01,55.1875,62.5,54.25,58.5,8148300
2000-12-04,56.75,62.8125,56.5,60.5625,5860100
2000-12-05,64.5,74.5625,63.5,74.3125,5680300
2000-12-06,74.75,80,74.625,75.5,6004000
2000-12-07,73.3125,76.875,71.25,72.625,4036100
2000-12-08,78.875,88.625,78.8125,81.9375,6091700
2000-12-11,86,89.5,82.875,88.75,4818000
2000-12-12,88,88,80.5,82.25,2445700
2000-12-13,86.0625,86.375,73.375,78.1875,6251800
2000-12-14,76.9375,78.8125,66.75,71.25,4807000
2000-12-15,68.734375,73.375,61,72.25,7422400
2000-12-18,73,73.25,53.875,54.9375,15712900
2000-12-19,54.625,56.125,45.5625,48.5625,11911700
2000-12-20,33,38.5625,30.75,31.125,17987900
2000-12-21,31.3125,36.5,27.859375,34,8440200
2000-12-22,37.3125,41.875,36,40.625,6362600
2000-12-26,43,44.375,35.0625,37.125,5372000
2000-12-27,36.375,40.375,35.125,38,4604500
2000-12-28,38.25,42.8125,38.125,42.390625,4282500
2000-12-29,42.6875,43.8125,36.625,39.125,6228400
2001-01-02,37.3125,37.375,27,27.625,7522000
2001-01-03,27.4375,41.875,27.4375,40.5625,12232400
2001-01-04,42.34375,43,37,37.75,6931500
2001-01-05,39.1875,41.25,35.125,36.0625,6782900
2001-01-08,35.9375,38.5,30.875,34.375,6097500
2001-01-09,35.296875,41.25,35.0625,41.125,8600000
2001-01-10,38.75,46.625,37.875,42,14936700
2001-01-11,41.125,45,40.375,43.125,7892200
2001-01-12,43.125,48.71875,41.25,45.5,8996100
2001-01-16,45.0625,45.1875,41,43.1875,5612000
2001-01-17,48,52.6875,42.8125,47.875,14036700
2001-01-18,39.75,42.6875,38.75,42.5,17896500
2001-01-19,44.125,45.25,42.625,43.25,7236700
2001-01-22,42.625,45,42.25,43.375,4443800
2001-01-23,43.5625,48.375,43.375,47.625,4770500
2001-01-24,48.25,52,46.3125,50.375,5528900
2001-01-25,50,51.375,44.375,45.125,5134700
2001-01-26,43.625,50.1875,41.5,47.3125,5147400
2001-01-29,47,48.625,44,48,4529700
2001-01-30,49.125,50.5,47.8125,49,4245600
2001-01-31,50.5,51.375,47.375,47.625,5071000
2001-02-01,47.1875,47.75,42.5625,44.625,4767700
2001-02-02,44,44.75,38,38.5625,6913700
2001-02-05,38.9375,39.375,36.5,36.9375,4607300
2001-02-06,37.25,39.6875,35.875,36.125,3977200
2001-02-07,34,34.5,31,31.6875,8934800
2001-02-08,33.625,35.0625,31.0625,31.3125,8274900
2001-02-09,31.25,32.75,30.5625,30.9375,3942200
2001-02-12,30.3125,31.25,28.5,30.6875,5872900
2001-02-13,32.5625,35.3125,32.125,32.375,6451300
2001-02-14,32.625,35.6875,29.0625,34,5918900
2001-02-15,37,39.9375,36.625,37.875,7377500
2001-02-16,32,33.375,31.1875,32.0625,9713800
2001-02-20,32.8125,32.9375,24.625,27.9375,10253400
2001-02-21,28.9375,28.96875,24.375,24.8125,9094100
2001-02-22,22.5625,27.3125,21.3125,25.8125,13094000
2001-02-23,25.625,28.5,23.875,28.0625,7108900
2001-02-26,28.6875,28.6875,24.8125,25.8125,8522500
2001-02-27,24.6875,26.75,24.125,24.75,9247900
2001-02-28,24.875,25.25,22,22.609375,6828400
2001-03-01,22.0625,24.125,21.125,23.3125,6906600
2001-03-02,22.4375,24.875,21.875,22.4375,6371000
2001-03-05,23.15625,23.9375,22.25,22.9375,3042600
2001-03-06,24.125,24.125,21.125,21.4375,5820400
2001-03-07,22.34375,22.5,20.875,21.3125,4527500
2001-03-08,21.09375,21.3125,19,20.125,5065300
2001-03-09,19.1875,19.5,18.375,18.8125,4293900
2001-03-12,18,18,16.25,16.4,5653800
2001-03-13,16.85,20.299999,15.66,20.18,6610800
2001-03-14,18.799999,22.24,18.5,19.98,7356000
2001-03-15,21.200001,21.4,19.9,19.969999,3796400
2001-03-16,19.969999,20.4,18.049999,18.91,2801800
2001-03-19,19.34,22.57,18.32,22.57,4079100
2001-03-20,22.549999,22.629999,18.5,18.889999,4812200
2001-03-21,18.76,20.85,18.309999,19.17,3865500
2001-03-22,19.549999,20.85,18.5,20.440001,3974400
2001-03-23,21.35,21.5,19.59,20.610001,3081600
2001-03-26,21.1,21.25,19.1,19.58,2934700
2001-03-27,19.59,21.15,19.299999,20.18,2747300
2001-03-28,19,19.5,16.799999,16.99,6205400
2001-03-29,16.23,16.25,14,14.96,8101100
2001-03-30,15,15.73,14.35,15.21,4551500
2001-04-02,14.78,15.7,14.01,14.6,3054300
2001-04-03,13.5,14.05,12,12.27,3786800
2001-04-04,12.3,14.3,12.27,12.73,3596900
2001-04-05,14.4,17.27,14.34,16.01,5324300
2001-04-06,13.5,16.1,13.3,15.96,10388100
2001-04-09,16.129999,16.93,14.04,14.57,3193200
2001-04-10,15.02,16.98,14.8,15.79,4296700
2001-04-11,17.59,18.280001,16.200001,17.4,7624200
2001-04-12,17.59,19.440001,17.049999,19.200001,4702800
2001-04-16,18.75,18.75,16.799999,17.129999,2411000
2001-04-17,16.49,18.65,16.42,18.02,4793600
2001-04-18,19.48,24.450001,19.48,21.75,11395200
2001-04-19,24.9,29.24,24.799999,27.35,15828200
2001-04-20,28.15,29.940001,26.01,26.83,6443000
2001-04-23,25.280001,26.190001,24.799999,25.18,4184000
2001-04-24,25.08,27.440001,24,24.809999,4506300
2001-04-25,24.26,29.25,24.18,29.01,5470900
2001-04-26,30,31.309999,27.5,27.690001,7459800
2001-04-27,28.959999,29.280001,27.950001,28.6,3094400
2001-04-30,29.42,33.950001,28.799999,32.900002,7387900
2001-05-01,32.709999,33.209999,30.549999,32.889999,5663000
2001-05-02,34.990002,38.119999,34.470001,36.400002,10279400
2001-05-03,34.950001,35.43,32.75,33.09,5517200
2001-05-04,30.75,34.98,30.35,32.099998,10182300
2001-05-07,34.360001,34.91,31.5,31.65,8279800
2001-05-08,34.119999,34.790001,33.389999,34.650002,8093000
2001-05-09,32.220001,34,32.049999,32.490002,7743100
2001-05-10,33.900002,33.950001,30,30.02,6681900
2001-05-11,30.08,30.84,29.389999,29.950001,3489800
2001-05-14,29.66,29.84,27.52,28.41,3049600
2001-05-15,28.52,31.25,28.16,28.360001,4474200
2001-05-16,28.23,33.990002,28.23,33.66,7335000
2001-05-17,33.830002,37.619999,33.830002,36.810001,10788900
2001-05-18,36.259998,37.75,35.509998,35.689999,4470100
2001-05-21,36.040001,39.599998,35.75,39.5,5045200
2001-05-22,38.900002,40,37.43,37.450001,6752300
2001-05-23,36.400002,36.400002,34.779999,35.709999,4154600
2001-05-24,35.860001,37.310001,34.110001,35.950001,4897800
2001-05-25,36,36.220001,34.200001,34.619999,1777200
2001-05-29,34.220001,34.23,30.66,31.5,3057600
2001-05-30,30.07,30.07,27.75,28.280001,4218600
2001-05-31,29.26,31.75,29.25,29.6,5956300
2001-06-01,31,31.5,28.629999,30.299999,5233300
2001-06-04,30.360001,31.190001,29.700001,30.040001,2465400
2001-06-05,30.07,34.990002,30.07,33.330002,5058400
2001-06-06,33.889999,33.889999,32.09,33.139999,3312300
2001-06-07,32.93,35,32.400002,34.119999,3117700
2001-06-08,32.84,32.959999,31.139999,32.099998,2985400
2001-06-11,31.629999,31.629999,28.4,29.969999,3688200
2001-06-12,28.190001,33.75,27.9,32.299999,10257700
2001-06-13,33.25,33.700001,30.33,30.33,6425700
2001-06-14,29.360001,29.370001,25.1,25.219999,9528700
2001-06-15,24.98,27.6,24.309999,24.91,12509800
2001-06-18,25.35,27,23.200001,23.83,5518200
2001-06-19,26.190001,26.190001,23.9,24.5,5928700
2001-06-20,23.4,25.75,23.299999,25.209999,6607600
2001-06-21,25.35,28.25,25.1,27.77,8674100
2001-06-22,26.389999,26.99,24.25,24.360001,8467700
2001-06-25,25.1,25.35,23.5,24.27,4853500
2001-06-26,23.51,25.93,22.6,25.389999,6278100
2001-06-27,27.059999,27.059999,24.799999,25.73,4981300
2001-06-28,26.9,28.219999,25.799999,26.34,6428500
2001-06-29,26.98,31,26.16,29.5,4031700
2001-07-02,28.98,29.700001,27.799999,28.139999,3517400
2001-07-03,27.790001,28.32,27.629999,28.139999,1496400
2001-07-05,27.860001,28.1,24.91,25.93,4188700
2001-07-06,25.5,26.6,24.77,25.540001,4531400
2001-07-09,25.65,26.059999,24.49,25.35,2750800
2001-07-10,26.030001,26.629999,21.66,22.35,4272500
2001-07-11,22.41,24.07,21.809999,22.959999,5312100
2001-07-12,25.219999,25.219999,22.950001,23.860001,6228600
2001-07-13,24.07,25.25,23.41,24.059999,4797100
2001-07-16,24.01,24.34,22.16,22.4,2905000
2001-07-17,21.950001,24.6,21.1,24.1,3645900
2001-07-18,23.08,23.559999,21.450001,22.74,4475100
2001-07-19,24.690001,27.610001,24.6,26.129999,14459200
2001-07-20,25.280001,27.200001,24.620001,26.08,3943200
2001-07-23,27.879999,28.5,25.709999,25.860001,3850900
2001-07-24,25.940001,26.5,25.030001,25.549999,2801800
2001-07-25,25.74,27.040001,24.799999,26.25,4808900
2001-07-26,26.27,28.01,25.26,27.98,3841500
2001-07-27,27.780001,29.469999,27.51,29.059999,3832800
2001-07-30,29.27,29.700001,27.17,27.5,3918200
2001-07-31,27.65,28.59,27.299999,28.030001,2911600
2001-08-01,28.59,30.059999,28.42,29.389999,3308300
2001-08-02,30.65,32.07,29.58,30.969999,5394100
2001-08-03,30.35,30.98,29.450001,30.700001,2269500
2001-08-06,29.690001,30,29,29.469999,2207200
2001-08-07,29.280001,29.450001,26.9,27.4,5053400
2001-08-08,26.809999,28.6,26.66,27.299999,5939900
2001-08-09,27.25,27.27,25,25.809999,3570200
2001-08-10,25.790001,25.98,23.57,25.440001,2589700
2001-08-13,25.450001,26.23,25.15,25.540001,1638000
2001-08-14,26.09,26.76,25.02,25.200001,2069900
2001-08-15,25.27,25.780001,23,23,2799600
2001-08-16,22.6,24.51,21.75,24.209999,5014300
2001-08-17,23,23.34,21.9,22.450001,4385100
2001-08-20,19.690001,20.299999,16.48,16.5,13319000
2001-08-21,17.299999,17.75,15.8,16.82,9320800
2001-08-22,17.49,17.59,16.33,17.030001,4449100
2001-08-23,16.879999,16.98,14.75,15,4435600
2001-08-24,15.8,17.73,15.56,17.48,5039400
2001-08-27,17.200001,17.35,16,16.709999,5160300
2001-08-28,16.6,17.190001,16,16.309999,2528100
2001-08-29,16.51,16.9,14.13,15.53,6153100
2001-08-30,14.67,15.66,14.6,15.38,6707100
2001-08-31,15.35,16.42,15.24,15.97,2945000
2001-09-04,16,17.85,15.51,16.15,5915400
2001-09-05,16.4,16.9,15.15,15.95,5308600
2001-09-06,15.27,16.299999,14.33,15.17,4411700
2001-09-07,15.04,16.110001,14.81,15.25,3352800
2001-09-10,15.31,15.92,14.55,14.89,3846800
2001-09-17,13.49,14,12.38,12.5,5898800
2001-09-18,12.84,12.84,10.84,11.33,5010300
2001-09-19,11.3,11.74,10.39,11.05,4658800
2001-09-20,10.6,11.34,10.02,10.06,4881600
2001-09-21,9.59,9.9,9,9.51,3747800
2001-09-24,10.25,10.25,9.52,9.68,4000800
2001-09-25,9.95,10.2,8.36,8.98,5205400
2001-09-26,9.07,9.09,6.73,7.33,12721000
2001-09-27,6.34,6.99,5.85,6.53,18114200
2001-09-28,6.71,7.2,6.1,6.91,8301600
2001-10-01,6.68,7.06,6.38,6.6,2794800
2001-10-02,6.67,6.92,6.32,6.42,2973900
2001-10-03,6.31,8.25,6.01,7.84,11494200
2001-10-04,8.46,9.71,8,8.37,16153600
2001-10-05,8.15,9.35,7.82,8.85,7703900
2001-10-08,9,10.45,8.81,9.23,8540200
2001-10-09,9.4,9.55,8.75,9,4055900
2001-10-10,9,10.3,8.81,10.25,4502500
2001-10-11,11.19,12.88,11.11,12.15,13811300
2001-10-12,13.2,13.65,12.13,12.56,12048400
2001-10-15,12.42,13.11,11.86,12.55,7235500
2001-10-16,12.9,14.25,12.55,13.87,7929700
2001-10-17,14.99,15.19,11.88,12.2,13815400
2001-10-18,11.01,11.13,10.15,10.78,13890200
2001-10-19,10.49,11.22,9.8,10.85,7405700
2001-10-22,10.62,11.45,10.24,10.64,4871000
2001-10-23,11.01,12.35,11.01,12.24,9827200
2001-10-24,12.67,13.49,12.49,13.17,7089200
2001-10-25,12.1,14,11.82,13.4,8143800
2001-10-26,13.25,14.19,12.74,12.9,5257300
2001-10-29,12.89,12.9,11.63,11.64,6332200
2001-10-30,11.05,12.12,11.02,11.65,4563900
2001-10-31,12.36,12.62,11.25,11.69,6237500
2001-11-01,11.84,12.05,10.7,11.7,6940300
2001-11-02,12.37,12.64,11.42,11.55,12312500
2001-11-05,12.12,13.75,12.02,13.63,10769600
2001-11-06,13.49,14.64,13.11,14.35,11360700
2001-11-07,14.23,15,14.16,14.3,7173600
2001-11-08,14.7,15.75,14.2,14.29,7673200
2001-11-09,14.36,14.75,13.77,14.11,5380200
2001-11-12,14.18,15.4,13.55,15.15,9129200
2001-11-13,16.1,16.67,15.25,15.94,10999300
2001-11-14,16.389999,16.59,15.4,15.94,5944000
2001-11-15,15.5,16.16,15.19,15.94,6813900
2001-11-16,15.97,16.59,15.81,16.219999,4467000
2001-11-19,16.35,17.35,16.32,17.110001,5199900
2001-11-20,16.799999,17.17,15.7,15.76,5606300
2001-11-21,15.82,16.23,15.1,15.88,5966800
2001-11-23,15.89,16.459999,15.56,16.42,1855100
2001-11-26,16.82,17.75,16.75,17.629999,6321500
2001-11-27,17.26,19.530001,17.26,18.25,9920400
2001-11-28,17.950001,18.73,17.32,17.700001,9880500
2001-11-29,18,18.01,15.83,16.5,18522800
2001-11-30,16.4,16.790001,15.46,15.83,8697400
2001-12-03,15.7,15.83,14.27,14.96,12238700
2001-12-04,15.66,16.92,15.27,16.76,11409300
2001-12-05,17.24,18.200001,17.07,17.16,11292200
2001-12-06,17.379999,18.4,16.9,17,8510100
2001-12-07,16.9,16.9,15.94,16.559999,9237800
2001-12-10,16.190001,17.25,15.9,16.290001,6466900
2001-12-11,16.68,17.26,16.35,16.639999,6026200
2001-12-12,16.91,17.5,16.26,16.4,7681000
2001-12-13,15.55,15.81,14.32,14.7,9209400
2001-12-14,14.77,14.87,13.25,13.72,9444200
2001-12-17,13.68,14.88,13.18,14.22,5875900
2001-12-18,14.84,15.09,14.1,14.4,4847700
2001-12-19,13.77,14.56,13.44,13.48,7511300
2001-12-20,12.89,13.87,12.7,12.94,9065300
2001-12-21,13.64,13.75,13.01,13.37,3632700
2001-12-24,13.42,13.47,12.95,13.15,769700
2001-12-26,13.15,13.44,12.55,12.69,4337500
2001-12-27,12.88,13.19,12.82,13.09,3883800
2001-12-28,13.2,13.4,12.76,12.76,3001700
2001-12-31,12.97,13.29,12.75,12.9,2314500
2002-01-02,13.16,14.19,13.01,14.13,4529000
2002-01-03,14.21,15.7,13.93,15.39,7032600
2002-01-04,15.9,16.35,15.08,15.68,5318700
2002-01-07,16.870001,17.190001,16.549999,16.959999,8686700
2002-01-08,16.84,17,16.209999,16.690001,4845400
2002-01-09,16.91,17.4,16.049999,16.139999,5512900
2002-01-10,16.17,16.74,15.69,16.549999,2542700
2002-01-11,16.379999,16.57,15.7,15.92,2932500
2002-01-14,15.79,15.9,14.96,15.88,4582400
2002-01-15,15.9,16.16,15.14,15.36,3182500
2002-01-16,15.13,15.43,14.4,14.61,4237500
2002-01-17,15.11,15.23,13.75,14.17,7974000
2002-01-18,13.62,14.5,13.22,14.28,4318800
2002-01-22,14.75,14.75,13.4,13.59,4270300
2002-01-23,13.76,14.24,13.45,14.08,3407700
2002-01-24,14.25,14.49,13.99,14.11,2977500
2002-01-25,13.98,14,13.41,13.58,2198800
2002-01-28,13.76,13.89,13.25,13.3,4848100
2002-01-29,13.4,13.62,12.75,13,3938600
2002-01-30,13.11,13.89,12.69,13.77,5798000
2002-01-31,14.05,14.35,13.64,13.94,4331200
2002-02-01,13.9,14.25,13.55,13.64,2009400
2002-02-04,12.98,12.99,11.25,11.56,10247900
2002-02-05,11.15,12.14,11.14,11.5,6014300
2002-02-06,12.1,12.2,10.9,11.17,5140200
2002-02-07,10.77,11,10.09,10.51,5027400
2002-02-08,11.01,11.49,10.75,11.49,3771900
2002-02-11,11.61,12.3,11.43,12.01,3370600
2002-02-12,11.83,12.27,11.62,11.75,2464600
2002-02-13,11.95,12.21,10.95,11.21,4706800
2002-02-14,11.25,11.49,10.48,10.6,4635800
2002-02-15,10.58,10.6,9.8,10.04,3753100
2002-02-19,9.8,9.95,8.64,8.75,6152400
2002-02-20,9.3,9.61,9,9.55,5171600
2002-02-21,9.3,9.4,8.75,8.89,3813000
2002-02-22,8.57,8.97,8.06,8.64,5092300
2002-02-25,8.79,8.8,8.06,8.24,3811900
2002-02-26,8.35,8.37,7.81,8,5498700
2002-02-27,8.15,8.27,7.67,7.75,4011200
2002-02-28,7.54,7.54,6.25,6.29,9973700
2002-03-01,6.46,7.5,6.45,7.22,9050700
2002-03-04,7.39,8.45,7.34,8.02,7167300
2002-03-05,8.02,9.11,7.96,8.71,6842400
2002-03-06,8.64,8.95,8.2,8.68,4728200
2002-03-07,9.21,9.38,8.81,8.98,4941400
2002-03-08,9.57,10.5,9.4,10.16,6947100
2002-03-11,10.09,10.95,9.55,10.55,6082800
2002-03-12,9.83,10.23,9.5,9.68,4468600
2002-03-13,9.43,9.6,9.1,9.13,4207900
2002-03-14,9.38,10.23,9.28,9.7,5669700
2002-03-15,9.02,9.43,8.81,9.26,5779500
2002-03-18,9.65,9.78,9.1,9.28,3630600
2002-03-19,9.34,9.35,9,9,2254400
2002-03-20,8.93,9.05,8.61,8.75,1604700
2002-03-21,8.81,10.16,8.5,10.09,5443500
2002-03-22,10.09,10.76,9.91,10.26,6705500
2002-03-25,10.15,10.27,9.75,9.83,2841300
2002-03-26,9.85,10.45,9.75,10.01,2729100
2002-03-27,10.1,10.4,9.85,9.98,2848900
2002-03-28,9.88,10.5,9.75,10.4,3107700
2002-04-01,10.28,11.16,10.28,10.94,3152100
2002-04-02,10.75,10.8,10.38,10.5,3047200
2002-04-03,10.54,10.69,10.15,10.2,2189900
2002-04-04,10.01,10.6,9.92,10.4,2894200
2002-04-05,10.45,10.77,9.25,9.58,3625900
2002-04-08,9.15,9.44,8.88,9.31,3839200
2002-04-09,9.46,9.78,8.76,8.8,2991500
2002-04-10,8.97,9.28,8.55,8.79,2925000
2002-04-11,8.7,8.7,8.13,8.14,2220200
2002-04-12,8.43,9.03,8.43,8.73,3492100
2002-04-15,9.11,9.49,8.92,9.25,3548600
2002-04-16,9.56,10.15,9.55,9.83,3169200
2002-04-17,9.98,10,9.24,9.59,4880900
2002-04-18,9.24,9.99,9.05,9.92,6328700
2002-04-19,9.94,10.19,9.62,9.7,1814400
2002-04-22,9.6,9.62,9.12,9.26,1902800
2002-04-23,9.26,9.37,9,9.05,1496600
2002-04-24,9.17,9.45,8.93,9.24,1891600
2002-04-25,9.15,9.65,8.77,9.33,2543300
2002-04-26,9.35,9.69,9.05,9.3,2473700
2002-04-29,9.3,9.32,8.65,8.68,2030400
2002-04-30,8.7,9.19,8.55,8.99,1804600
2002-05-01,9,9.12,8.2,8.78,3399400
2002-05-02,8.82,9.15,8.29,8.4,2362600
2002-05-03,8.39,8.46,8.05,8.31,1708800
2002-05-06,8.21,8.51,7.78,7.92,1663100
2002-05-07,8.02,8.24,7.4,7.43,2602700
2002-05-08,8.55,9.83,8.3,9.66,7908400
2002-05-09,9.4,10.35,9.35,9.43,7939700
2002-05-10,9.6,9.95,9.17,9.32,2389700
2002-05-13,9.56,10.2,9.25,10.14,3511700
2002-05-14,11.19,11.79,11.09,11.47,9397100
2002-05-15,11.05,12,10.82,11.46,7693100
2002-05-16,11.6,12.23,11.53,11.79,4696200
2002-05-17,12.35,12.49,11.41,11.51,4205100
2002-05-20,11.39,11.4,11.1,11.37,2349200
2002-05-21,11.46,11.82,10.9,10.93,3021000
2002-05-22,10.8,11.08,10.3,10.72,3882100
2002-05-23,10.87,11.5,10.73,11.4,3473100
2002-05-24,11.33,11.71,11.15,11.33,2346700
2002-05-28,11.7,11.75,11.33,11.39,3337900
2002-05-29,11.25,11.87,11.05,11.62,4208800
2002-05-30,11.38,12.17,11.37,11.8,5208300
2002-05-31,11.82,12.09,11.25,11.28,4334600
2002-06-03,11.4,11.52,10.71,10.84,3062400
2002-06-04,10.85,11.49,10.75,11.37,2641600
2002-06-05,11.36,12.21,11.36,12.13,5629200
2002-06-06,11.88,12.09,11.27,11.6,5140400
2002-06-07,10.69,11.45,10.55,11.16,4443800
2002-06-10,11.17,11.49,10.46,10.49,5010400
2002-06-11,10.72,10.78,9.7,9.71,8039200
2002-06-12,9.31,9.62,9.1,9.15,6308700
2002-06-13,9.05,9.42,8.8,9.02,4021500
2002-06-14,8.69,9.52,8.44,9.33,4251200
2002-06-17,9.75,10.68,9.65,10.34,4861300
2002-06-18,10.22,10.66,9.9,9.95,2812900
2002-06-19,9.63,10.19,9.51,9.83,2892500
2002-06-20,9.75,9.76,8.3,8.42,8133500
2002-06-21,8.47,8.63,7.85,7.97,3475700
2002-06-24,7.77,9.21,7.73,9.1,4390900
2002-06-25,9.35,9.5,8.3,8.42,4770100
2002-06-26,7.8,9.1,7.79,8.7,6201700
2002-06-27,9.03,9.86,9,9.66,6224200
2002-06-28,9.61,10.34,9.61,10.09,7255900
2002-07-01,10,10,8.96,9.01,3012200
2002-07-02,8.65,8.75,8.27,8.32,3862900
2002-07-03,8.29,9.36,8.24,9.18,2844000
2002-07-05,9.76,10.19,9.76,10.01,3213400
2002-07-08,9.28,10,9.18,9.21,3136900
2002-07-09,9.28,9.69,9.02,9.33,1816600
2002-07-10,10.11,10.2,9.53,9.93,6431800
2002-07-11,9.66,10.12,9.35,10.02,4053900
2002-07-12,10.32,10.87,10.1,10.67,5854800
2002-07-15,10.63,11.25,10.32,11.12,3901700
2002-07-16,11.19,12.39,11.06,11.77,8888200
2002-07-17,12.29,12.48,10.75,11.42,7415100
2002-07-18,10.76,10.96,9.75,10.5,9885600
2002-07-19,10.21,10.65,9.98,10.29,3393000
2002-07-22,10.28,10.55,9.35,10.12,4482400
2002-07-23,10.5,10.62,9.74,9.77,3851600
2002-07-24,9.7,10.12,9.33,10.04,3974700
2002-07-25,9.75,10.1,9.09,9.39,4552200
2002-07-26,9.52,9.92,9.35,9.6,3272500
2002-07-29,9.76,10.5,9.62,10.15,2850300
2002-07-30,10.09,11.39,9.88,11,4661600
2002-07-31,10.85,11.23,10.3,10.4,2296300
2002-08-01,10.35,10.49,9.71,9.8,4350400
2002-08-02,9.65,9.85,9.25,9.4,2574400
2002-08-05,9.15,9.2,8.38,8.39,4508800
2002-08-06,8.7,9.5,8.63,9.2,3420900
2002-08-07,9.81,10.04,8.91,9.4,4562700
2002-08-08,9.43,9.69,8.86,9.59,2125200
2002-08-09,9.37,9.75,9.14,9.29,1505800
2002-08-12,9.26,9.38,9,9.21,2083000
2002-08-13,9.21,9.64,9.09,9.35,2436000
2002-08-14,9.31,9.65,9.03,9.5,3209700
2002-08-15,9.6,10.09,9.17,9.29,3870300
2002-08-16,9.4,10.04,9.37,9.95,3234100
2002-08-19,9.98,10.7,9.97,10.6,3717700
2002-08-20,10.34,10.52,10.09,10.38,1978800
2002-08-21,10.42,10.86,10.4,10.71,2841200
2002-08-22,10.7,10.89,10.39,10.5,2235200
2002-08-23,10.38,10.45,10,10.07,1021200
2002-08-26,10.1,10.51,9.83,10.51,1895500
2002-08-27,10.51,10.65,9.6,9.68,2606600
2002-08-28,9.63,9.76,9.05,9.2,2128000
2002-08-29,9.18,9.99,9.07,9.77,2611400
2002-08-30,9.37,9.75,9.33,9.43,1456600
2002-09-03,9.26,9.27,8.85,9.05,2718100
2002-09-04,9.08,9.48,8.92,9.26,2754000
2002-09-05,9.08,9.35,8.87,9,1597700
2002-09-06,9.26,9.65,9.26,9.34,1807300
2002-09-09,9.12,9.2,8.75,8.96,3298800
2002-09-10,9.1,9.2,8.91,9.2,1672800
2002-09-11,9.28,9.49,9.18,9.33,2180000
2002-09-12,9.33,9.33,8.87,8.93,1667200
2002-09-13,8.82,9.06,8.67,8.73,1746800
2002-09-16,8.75,8.93,8.5,8.55,1648700
2002-09-17,8.84,9,7.59,7.68,4368100
2002-09-18,7.48,7.5,6.65,7.14,7534200
2002-09-19,6.88,7.05,6.08,6.13,6400700
2002-09-20,6.53,6.6,6.17,6.37,3137000
2002-09-23,6.14,6.21,5.51,5.82,4299800
2002-09-24,5.64,6.19,5.55,6,4128300
2002-09-25,6.35,6.56,6.05,6.17,4818400
2002-09-26,6.21,6.39,4.81,4.82,10788400
2002-09-27,4.69,4.69,3.64,3.86,11654000
2002-09-30,3.52,4.32,3.41,4.21,16687000
2002-10-01,4.2,4.28,3.7,3.93,7325200
2002-10-02,3.97,3.98,3.4,3.48,4115800
2002-10-03,3.4,3.7,3.24,3.25,2553100
2002-10-04,3.29,3.48,2.8,3.04,6044500
2002-10-07,2.9,3.03,2.75,2.87,3553200
2002-10-08,2.93,3.04,2.35,2.43,6976100
2002-10-09,2.4,3.05,2.33,2.8,4398100
2002-10-10,2.98,3.2,2.95,3.15,3259100
2002-10-11,3.26,3.55,3.17,3.42,3432200
2002-10-14,3.4,3.72,3.2,3.49,2139600
2002-10-15,4.05,4.1,3.75,3.87,4643200
2002-10-16,3.79,3.79,3.17,3.19,2813100
2002-10-17,3.78,3.95,3.67,3.85,3365400
2002-10-18,3.84,4.05,3.52,3.72,1994600
2002-10-21,3.7,4.31,3.64,4.04,2712500
2002-10-22,3.97,4.44,3.82,4.2,2479800
2002-10-23,4.25,4.5,4.1,4.48,1888900
2002-10-24,4.62,4.97,4.6,4.75,2464800
2002-10-25,4.52,4.97,4.5,4.85,1930400
2002-10-28,4.94,5,4.1,4.19,4377600
2002-10-29,4.1,4.11,3.75,3.87,2391800
2002-10-30,3.98,4.32,3.89,4.29,2499200
2002-10-31,4.35,4.52,4.21,4.21,2475400
2002-11-01,4.13,4.97,4,4.67,4546200
2002-11-04,5.05,5.84,4.85,4.98,11078800
2002-11-05,5,5.32,4.9,5.12,3139300
2002-11-06,5.46,5.65,5.15,5.4,7076500
2002-11-07,5.17,5.23,4.76,4.79,3645200
2002-11-08,4.71,5.12,4.5,4.65,2846200
2002-11-11,4.64,4.64,3.99,4,4427700
2002-11-12,4.1,4.8,4.09,4.47,4067000
2002-11-13,4.34,5.15,4.25,4.76,6269400
2002-11-14,5.04,5.2,4.63,4.97,8579900
2002-11-15,4.74,4.93,4.54,4.64,3918300
2002-11-18,4.85,4.9,4.44,4.6,2860600
2002-11-19,4.49,4.63,4.17,4.23,2831600
2002-11-20,4.34,4.57,4.17,4.5,3341400
2002-11-21,4.7,5.15,4.61,5.11,7403000
2002-11-22,4.74,4.8,4.39,4.5,7694800
2002-11-25,4.59,4.8,4.51,4.63,4131500
2002-11-26,4.57,4.81,4.27,4.42,4654900
2002-11-27,4.57,4.68,4.48,4.67,4813500
2002-11-29,4.72,4.76,4.49,4.51,2370900
2002-12-02,4.78,5.19,4.7,4.8,12112100
2002-12-03,4.69,4.79,4.31,4.35,5460000
2002-12-04,4.14,4.25,3.93,4.17,5216400
2002-12-05,4.4,4.46,4,4.13,4613300
2002-12-06,4.06,4.17,3.96,4.08,3748500
2002-12-09,4,4,3.6,3.67,4623700
2002-12-10,3.81,3.95,3.59,3.91,4957700
2002-12-11,3.78,3.93,3.61,3.81,2641500
2002-12-12,3.98,4.06,3.5,3.56,4891000
2002-12-13,3.49,3.55,3.35,3.44,3260600
2002-12-16,3.49,3.55,3.32,3.5,4982200
2002-12-17,3.5,3.68,3.42,3.56,4037700
2002-12-18,3.5,3.55,3.35,3.4,2822100
2002-12-19,3.43,3.49,3.05,3.18,4448100
2002-12-20,3.27,3.33,3.16,3.21,2516100
2002-12-23,3.2,3.3,3.13,3.2,1655100
2002-12-24,3.11,3.26,3.11,3.14,611300
2002-12-26,3.15,3.25,3.12,3.17,1144200
2002-12-27,3.19,3.35,3.19,3.33,1882100
2002-12-30,3.36,3.4,3.08,3.15,2509700
2002-12-31,3.16,3.33,3.12,3.27,1668300
2003-01-02,3.33,3.49,3.29,3.3,2493000
2003-01-03,3.3,3.4,3.05,3.08,2598800
2003-01-06,3.12,3.55,3.12,3.46,5355000
2003-01-07,3.56,4.25,3.56,3.96,14788100
2003-01-08,3.94,4.37,3.84,4.32,8504400
2003-01-09,4.49,4.8,4.44,4.68,6803200
2003-01-10,4.56,5.15,4.5,5.14,7873200
2003-01-13,5.35,5.43,4.81,4.9,7419900
2003-01-14,4.88,5,4.76,4.88,3114200
2003-01-15,4.9,4.93,4.63,4.89,2639100
2003-01-16,4.88,4.89,4.5,4.61,3000700
2003-01-17,4.34,4.63,4.26,4.51,2812100
2003-01-21,4.5,4.63,4.32,4.4,1553300
2003-01-22,4.39,4.43,4,4.07,2999400
2003-01-23,4.25,4.68,4.25,4.65,3667200
2003-01-24,4.64,4.65,4.34,4.36,2841400
2003-01-27,4.16,4.37,4.13,4.13,1581900
2003-01-28,4.24,4.59,4.14,4.57,2254800
2003-01-29,4.38,4.7,4.29,4.4,3589700
2003-01-30,4.43,4.48,4.06,4.11,2081500
2003-01-31,4.09,4.26,3.97,4.09,3869200
2003-02-03,4.12,4.2,4,4.07,1956000
2003-02-04,4.04,4.05,3.87,4.01,1815500
2003-02-05,4.03,4.03,3.75,3.78,2884500
2003-02-06,3.71,3.84,3.55,3.69,2606400
2003-02-07,3.91,4.22,3.89,4.02,4241600
2003-02-10,4.03,4.16,3.92,4.15,1622800
2003-02-11,4.19,4.34,4.08,4.13,1811800
2003-02-12,4.13,4.21,3.98,4.02,1454900
2003-02-13,4.07,4.08,3.7,3.81,3094700
2003-02-14,3.85,4.03,3.8,3.97,2033300
2003-02-18,4.02,4.29,4.02,4.2,1569400
2003-02-19,4.19,4.23,4.11,4.16,872500
2003-02-20,4.2,4.31,4.13,4.2,1192100
2003-02-21,4.26,4.37,4.17,4.29,1125600
2003-02-24,4.28,4.39,4.15,4.3,888100
2003-02-25,4.19,4.25,4.08,4.23,753100
2003-02-26,4.21,4.23,4.1,4.18,607100
2003-02-27,4.19,4.59,4.16,4.57,3633200
2003-02-28,4.6,4.76,4.5,4.7,3412600
2003-03-03,4.75,4.82,4.59,4.72,2861300
2003-03-04,4.58,4.6,4.42,4.43,1716200
2003-03-05,4.4,4.48,4.3,4.37,1468400
2003-03-06,4.32,4.33,4.19,4.25,1109100
2003-03-07,4.18,4.33,4.03,4.05,2387900
2003-03-10,4.04,4.12,3.85,3.88,1444300
2003-03-11,3.9,4.05,3.9,4,1106700
2003-03-12,3.97,4.02,3.68,3.76,2168600
2003-03-13,3.83,4,3.8,3.99,2043200
2003-03-14,4.02,4.08,3.81,3.81,2070000
2003-03-17,3.8,4.14,3.75,4.09,3804600
2003-03-18,4.16,4.32,4,4.14,3600600
2003-03-19,4.14,4.22,3.93,3.99,1825200
2003-03-20,3.91,3.91,3.79,3.85,2911200
2003-03-21,3.92,4,3.77,3.82,3469000
2003-03-24,3.78,3.79,3.58,3.68,1689000
2003-03-25,3.82,4.26,3.78,4.19,5913100
2003-03-26,4.22,4.4,4.02,4.3,3642200
2003-03-27,4.22,4.35,4.08,4.3,2232600
2003-03-28,4.24,4.35,4.18,4.3,1755100
2003-03-31,4.11,4.43,3.92,4.33,2075800
2003-04-01,4.34,4.44,4.24,4.44,1877900
2003-04-02,4.54,4.71,4.5,4.55,1896700
2003-04-03,4.69,4.69,4.35,4.54,2189500
2003-04-04,4.51,4.63,4.39,4.46,1071800
2003-04-07,4.74,4.75,4.14,4.51,11155200
2003-04-08,4.42,4.43,4.21,4.22,2198900
2003-04-09,4.23,4.25,3.98,4,3351600
2003-04-10,3.96,4,3.86,3.98,2056900
2003-04-11,4.16,4.19,3.98,4,1735500
2003-04-14,4.1,4.32,4.03,4.13,1851100
2003-04-15,4.13,4.15,3.99,4.1,2865200
2003-04-16,4.16,4.19,3.91,3.99,4023000
2003-04-17,4,4.04,3.9,4.01,2823500
2003-04-21,4.02,4.12,3.98,4.03,1695100
2003-04-22,4.05,4.1,3.95,4.05,2514200
2003-04-23,4.08,4.1,3.97,4.01,2344700
2003-04-24,4,4.08,3.99,4.01,2536900
2003-04-25,4.01,4.01,3.79,3.85,4516000
2003-04-28,3.87,4.02,3.8,4.01,2795700
2003-04-29,4.03,4.15,3.94,4.14,4354300
2003-04-30,4.12,4.33,4.07,4.23,3823700
2003-05-01,4.08,4.18,4.02,4.08,3943400
2003-05-02,4.11,4.23,3.91,4.17,2594900
2003-05-05,4.2,4.47,4.19,4.43,3906800
2003-05-06,4.58,4.85,4.44,4.68,6161000
2003-05-07,4.48,4.7,4.44,4.6,4319000
2003-05-08,4.53,4.54,4.31,4.37,1617500
2003-05-09,4.4,4.7,4.4,4.56,3609200
2003-05-12,4.66,5.28,4.57,5.19,8521300
2003-05-13,5.02,5.73,5.02,5.7,11753100
2003-05-14,5.58,5.65,5.25,5.51,9632500
2003-05-15,5.52,5.57,5.11,5.35,4962200
2003-05-16,5.14,5.43,5.13,5.35,4174000
2003-05-19,5.25,5.32,5.05,5.08,3187700
2003-05-20,5.19,5.23,4.96,5.06,2574000
2003-05-21,4.93,5.15,4.88,5.11,2530700
2003-05-22,5.24,5.53,5.17,5.48,5136300
2003-05-23,5.48,6.08,5.29,6,10229800
2003-05-27,5.85,6.21,5.76,5.89,8607100
2003-05-28,5.95,6.25,5.93,6.06,4418900
2003-05-29,6.11,6.25,5.99,6.03,3957600
2003-05-30,6.1,6.37,5.94,6.03,4849700
2003-06-02,6.13,6.25,5.69,5.73,4312000
2003-06-03,5.75,5.99,5.68,5.74,3798500
2003-06-04,5.87,6.13,5.8,6.08,4136100
2003-06-05,6.03,6.5,5.91,6.4,6390000
2003-06-06,6.74,7.01,6.42,6.65,10021500
2003-06-09,6.39,6.5,5.95,6.1,4593900
2003-06-10,6.3,6.3,5.88,5.99,3466000
2003-06-11,5.99,5.99,5.54,5.78,4629500
2003-06-12,5.81,6,5.72,5.98,2452200
2003-06-13,5.75,5.81,5.38,5.47,5172500
2003-06-16,5.46,5.72,5.43,5.58,2782700
2003-06-17,5.61,5.69,5.39,5.53,2312100
2003-06-18,5.53,5.95,5.45,5.85,4880500
2003-06-19,5.83,6.08,5.45,5.48,4945400
2003-06-20,5.57,5.62,5.4,5.51,2325600
2003-06-23,5.55,5.57,5.18,5.23,2283600
2003-06-24,5.22,5.47,5.08,5.26,4454900
2003-06-25,5.38,5.6,5.28,5.35,3480100
2003-06-26,5.43,5.72,5.3,5.63,4982600
2003-06-27,5.69,5.7,5.31,5.44,3082400
2003-06-30,5.55,5.64,5.19,5.26,2986500
2003-07-01,5.29,5.47,5.11,5.44,4979200
2003-07-02,5.43,5.98,5.39,5.96,6009300
2003-07-03,5.86,5.96,5.76,5.83,1709900
2003-07-07,5.97,6.22,5.94,6.17,4986300
2003-07-08,5.32,5.47,4.99,5.01,37708100
2003-07-09,5.16,5.35,5.06,5.25,14261900
2003-07-10,5.2,5.44,5.15,5.36,7413300
2003-07-11,5.44,5.45,5.22,5.29,3063900
2003-07-14,5.43,5.45,5.24,5.27,3613200
2003-07-15,5.36,5.4,5.09,5.12,3183100
2003-07-16,5.06,5.21,4.96,5,3285800
2003-07-17,4.75,4.88,4.66,4.67,4088100
2003-07-18,5.44,5.84,5.1,5.75,32016200
2003-07-21,5.91,5.95,5.52,5.7,6730300
2003-07-22,5.9,5.98,5.8,5.92,4549200
2003-07-23,5.91,6.19,5.77,6.08,6360500
2003-07-24,6.16,6.2,5.8,5.83,3473100
2003-07-25,5.86,5.95,5.7,5.85,2667500
2003-07-28,5.85,6.09,5.83,6.05,2079400
2003-07-29,6.05,6.11,5.85,6.02,1844500
2003-07-30,6.04,6.05,5.88,5.9,1262200
2003-07-31,6.03,6.25,5.96,6.12,3575300
2003-08-01,6.11,6.28,6.06,6.16,3163200
2003-08-04,6.2,6.28,5.96,6.02,2275300
2003-08-05,5.98,6.07,5.85,5.87,2020100
2003-08-06,5.72,5.9,5.62,5.78,2387600
2003-08-07,5.75,5.94,5.73,5.87,1563700
2003-08-08,5.89,5.95,5.79,5.9,1483000
2003-08-11,5.9,5.98,5.83,5.96,1176600
2003-08-12,5.84,6.11,5.84,6.1,1494700
2003-08-13,5.98,6.23,5.95,6.21,2044200
2003-08-14,6.19,6.21,5.99,6.03,2343300
2003-08-15,6.01,6.1,5.92,6.07,534800
2003-08-18,6.05,6.35,6.05,6.33,1790000
2003-08-19,6.37,6.46,6.26,6.43,2355100
2003-08-20,6.29,6.8,6.25,6.6,3334000
2003-08-21,6.76,7.16,6.75,7.07,6570700
2003-08-22,7.21,7.44,6.95,7.04,4799500
2003-08-25,7.01,7.03,6.65,6.84,2717700
2003-08-26,6.8,6.84,6.63,6.8,2403500
2003-08-27,6.82,7.11,6.77,7.11,2282600
2003-08-28,7.27,7.27,6.96,7.2,2479000
2003-08-29,7.16,7.24,6.81,6.89,3354500
2003-09-02,7.17,7.44,6.97,7.44,3749400
2003-09-03,7.61,7.79,7.45,7.52,4911400
2003-09-04,7.42,7.72,7.4,7.68,2716200
2003-09-05,7.53,8.1,7.5,7.95,3631300
2003-09-08,8.02,8.74,8.01,8.65,7222700
2003-09-09,8.71,8.98,8.34,8.46,6375000
2003-09-10,8.35,8.37,7.8,7.93,3580600
2003-09-11,8,8.18,7.82,8.01,2984500
2003-09-12,7.99,7.99,7.69,7.8,3286900
2003-09-15,7.86,7.93,7.54,7.54,1942000
2003-09-16,7.7,7.89,7.65,7.85,3053800
2003-09-17,7.93,8.05,7.66,7.79,3508600
2003-09-18,7.9,8.09,7.75,7.78,4095600
2003-09-19,7.75,7.8,7.55,7.77,2156700
2003-09-22,7.56,7.64,7.22,7.41,3114100
2003-09-23,7.04,7.29,6.95,7.15,7989000
2003-09-24,7.26,7.34,6.5,6.59,6706300
2003-09-25,6.66,6.75,6.26,6.38,6903300
2003-09-26,6.4,6.54,6.21,6.21,2527600
2003-09-29,6.3,6.73,6.26,6.62,3366900
2003-09-30,6.35,6.48,6.16,6.32,5302400
2003-10-01,6.36,6.5,6.25,6.43,2455300
2003-10-02,6.72,6.94,6.64,6.65,4198100
2003-10-03,6.86,7.28,6.8,7.14,5101700
2003-10-06,7.34,7.48,7.25,7.44,2491200
2003-10-07,7.25,7.4,7.04,7.35,2355600
2003-10-08,7.71,8.34,7.67,8.17,14417000
2003-10-09,8.32,8.4,7.72,7.88,4736200
2003-10-10,8.02,8.21,7.82,7.87,3276400
2003-10-13,7.97,8.12,7.93,8,2146600
2003-10-14,8.05,8.05,7.9,7.97,1673800
2003-10-15,8.1,8.13,7.64,7.73,1394400
2003-10-16,7.64,7.85,7.59,7.7,1971400
2003-10-17,7.66,7.78,7.32,7.45,2559700
2003-10-20,7.5,7.6,7.09,7.1,2877700
2003-10-21,7.39,7.93,7.32,7.83,6629200
2003-10-22,7.61,7.67,7.2,7.59,6336200
2003-10-23,7.42,7.52,7.04,7.07,6782100
2003-10-24,7.7,8.49,7.59,8.27,26967900
2003-10-27,8.38,8.38,7.95,8.14,8809200
2003-10-28,8.27,8.6,8.21,8.36,5593200
2003-10-29,8.31,8.87,8.31,8.76,5001700
2003-10-30,9.05,9.21,8.73,8.81,7298500
2003-10-31,8.9,9.06,8.6,8.6,2235300
2003-11-03,8.69,9,8.6,8.97,2828700
2003-11-04,9.28,10.15,9.28,9.67,11090300
2003-11-05,9.68,9.81,9.35,9.75,4701100
2003-11-06,10.12,10.15,9.68,9.99,5479900
2003-11-07,10.16,10.17,9.65,9.71,3234400
2003-11-10,9.72,9.72,9.34,9.52,3080600
2003-11-11,9.25,9.43,9.03,9.28,2215900
2003-11-12,9.39,9.79,9.33,9.69,2380200
2003-11-13,9.62,9.75,9.46,9.62,1612700
2003-11-14,9.74,9.85,9.17,9.2,2323300
2003-11-17,9.1,9.15,8.8,8.88,2500000
2003-11-18,9.13,9.22,8.68,8.8,1926200
2003-11-19,8.9,9.05,8.69,8.81,1900900
2003-11-20,8.7,9.32,8.67,8.98,3540300
2003-11-21,9.14,9.21,8.86,9.06,1815100
2003-11-24,9.13,9.48,9.03,9.44,2513300
2003-11-25,9.5,9.73,9.41,9.54,1862800
2003-11-26,9.62,9.75,9.38,9.57,2282100
2003-11-28,9.57,9.84,9.52,9.81,1434400
2003-12-01,9.97,10.09,9.85,9.91,4828400
2003-12-02,9.95,10.25,9.85,10.19,3647000
2003-12-03,10.19,10.46,9.71,9.8,3465900
2003-12-04,9.92,10.07,9.76,9.97,3048000
2003-12-05,9.85,9.88,9.4,9.56,4561200
2003-12-08,9.55,9.75,9.4,9.64,3174600
2003-12-09,9.75,9.8,9.07,9.16,3115800
2003-12-10,9.22,9.3,8.57,8.86,3675100
2003-12-11,8.86,9.09,8.52,8.68,6837600
2003-12-12,8.74,8.86,8.61,8.73,3459100
2003-12-15,8.99,9,8.11,8.19,5924800
2003-12-16,6.79,6.9,6.15,6.35,38450300
2003-12-17,6.61,6.85,6.47,6.57,10027800
2003-12-18,6.88,6.99,6.7,6.85,4530300
2003-12-19,7,7.02,6.77,6.85,2871100
2003-12-22,6.85,6.94,6.76,6.86,1954400
2003-12-23,6.84,7.14,6.84,7.13,2039400
2003-12-24,7.15,7.27,7.1,7.24,1511600
2003-12-26,7.25,7.4,7.2,7.22,1071400
2003-12-29,7.39,7.63,7.35,7.63,3357500
2003-12-30,7.68,7.7,7.35,7.49,2502700
2003-12-31,7.51,7.56,7.19,7.21,2727400
2004-01-02,7.32,7.49,7.25,7.31,1853900
2004-01-05,7.79,7.97,7.53,7.82,4629200
2004-01-06,7.79,7.95,7.63,7.88,3058700
2004-01-07,7.84,7.97,7.7,7.83,2075200
2004-01-08,8.12,8.66,8.05,8.65,7702100
2004-01-09,8.44,8.99,8.4,8.55,6800600
2004-01-12,8.64,9,8.56,8.94,5304600
2004-01-13,9,9.55,8.93,9.04,6456300
2004-01-14,9.1,9.17,8.8,8.95,3348600
2004-01-15,8.69,9.72,8.66,9.44,7057100
2004-01-16,9.8,10.6,9.68,10.2,9045700
2004-01-20,10.3,10.59,9.85,9.9,9010000
2004-01-21,9.7,9.88,9.51,9.57,3860200
2004-01-22,9.73,10.15,9.59,9.63,4031900
2004-01-23,9.26,9.47,9.04,9.11,5470700
2004-01-26,9.15,9.6,8.93,9.51,4219600
2004-01-27,9.5,9.87,9.45,9.52,3889700
2004-01-28,9.55,9.75,9.11,9.21,3964000
2004-01-29,9.19,9.23,8.34,8.45,9945900
2004-01-30,8.59,8.69,8.4,8.49,3452300
2004-02-02,8.55,8.76,8.3,8.39,3072200
2004-02-03,8.38,8.65,8.35,8.36,2864500
2004-02-04,7.9,8.07,7.7,7.81,6692800
2004-02-05,7.94,8.06,7.84,7.84,2824400
2004-02-06,7.88,8.69,7.87,8.64,4439900
2004-02-09,8.7,8.88,8.3,8.3,3490000
2004-02-10,8.38,8.39,8.24,8.29,2832100
2004-02-11,8.27,8.51,8.25,8.47,2429000
2004-02-12,8.55,8.55,8.14,8.27,4315700
2004-02-13,8.3,8.48,8.24,8.25,4769800
2004-02-17,8.39,8.75,8.28,8.53,4396200
2004-02-18,8.88,8.96,8.72,8.84,4126100
2004-02-19,8.97,9,8.43,8.44,2368200
2004-02-20,8.48,8.52,7.99,8.16,3576900
2004-02-23,8.19,8.25,7.6,7.64,5669800
2004-02-24,7.55,8.09,7.38,7.98,5911000
2004-02-25,7.98,8.16,7.72,7.81,5623600
2004-02-26,7.88,8.34,7.83,8.12,5814900
2004-02-27,8.19,8.32,8.04,8.05,1854100
2004-03-01,8,8.21,7.94,8.14,2463200
2004-03-02,8.2,8.35,8.09,8.21,3258500
2004-03-03,8.12,8.13,7.85,7.89,3987500
2004-03-04,7.91,8.2,7.8,8.17,2962600
2004-03-05,8.02,8.25,7.96,8.07,2489200
2004-03-08,8.28,8.28,7.76,7.92,3284800
2004-03-09,7.84,7.95,7.48,7.5,5771300
2004-03-10,7.7,7.7,7.27,7.34,2732500
2004-03-11,7.15,7.4,7.01,7.06,4094700
2004-03-12,7.21,7.4,7.15,7.29,2862200
2004-03-15,7.27,7.27,6.86,6.91,3558100
2004-03-16,6.95,7.14,6.42,6.75,5286200
2004-03-17,6.97,7.15,6.79,6.97,2633300
2004-03-18,7.07,7.07,6.78,6.88,3336700
2004-03-19,6.55,6.76,6.51,6.56,3553000
2004-03-22,6.51,6.54,6.27,6.38,3114000
2004-03-23,6.5,6.87,6.36,6.52,5692000
2004-03-24,6.6,6.7,6.37,6.5,3342400
2004-03-25,6.55,6.84,6.53,6.84,4078000
2004-03-26,6.79,7.04,6.76,6.89,2919100
2004-03-29,7.14,7.15,6.78,6.91,3060100
2004-03-30,7,7.52,6.94,7.49,6504800
2004-03-31,7.61,7.61,7.13,7.21,4149400
2004-04-01,7.19,7.65,7.15,7.43,6449400
2004-04-02,7.81,7.84,7.54,7.61,3464600
2004-04-05,7.64,7.75,7.52,7.75,1785900
2004-04-06,7.76,8.2,7.52,7.86,5862900
2004-04-07,7.9,7.99,7.65,7.91,2964800
2004-04-08,8.18,8.19,7.71,7.79,2421300
2004-04-12,7.8,7.87,7.43,7.52,3443400
2004-04-13,7.61,7.66,7.18,7.34,3717100
2004-04-14,7.17,7.55,7.16,7.46,4371800
2004-04-15,7.86,7.89,7.11,7.33,11844800
2004-04-16,7.3,7.33,6.7,6.84,7138800
2004-04-19,6.71,6.9,6.56,6.82,3536600
2004-04-20,6.86,6.98,6.5,6.5,3388700
2004-04-21,6.55,6.92,6.54,6.84,4141800
2004-04-22,6.83,6.97,6.62,6.88,2304900
2004-04-23,6.82,6.94,6.63,6.73,2646700
2004-04-26,6.79,6.87,6.61,6.69,1802500
2004-04-27,6.73,6.8,6.47,6.53,2211300
2004-04-28,6.49,6.53,6.27,6.39,3263200
2004-04-29,6.42,6.43,5.83,6.01,3983000
2004-04-30,5.95,5.95,5.51,5.53,3866000
2004-05-03,5.51,5.95,5.5,5.65,4197300
2004-05-04,5.67,6.07,5.56,5.93,4788500
2004-05-05,5.98,5.99,5.63,5.79,2155000
2004-05-06,5.68,5.88,5.58,5.59,2651100
2004-05-07,5.61,5.7,5.55,5.57,2812700
2004-05-10,5.5,5.52,5.21,5.25,3084800
2004-05-11,5.37,5.5,5.31,5.4,3586300
2004-05-12,5.43,5.48,5.12,5.27,3415000
2004-05-13,5.25,5.39,5.2,5.3,2303600
2004-05-14,5.24,5.29,4.9,4.98,2738700
2004-05-17,4.75,4.99,4.64,4.89,3969500
2004-05-18,4.98,5.08,4.82,4.91,2174200
2004-05-19,5.19,5.19,5.04,5.14,5393800
2004-05-20,5.21,5.21,4.93,4.96,2723400
2004-05-21,5.03,5.1,4.93,5.08,2397100
2004-05-24,5.14,5.26,5.13,5.21,3530500
2004-05-25,5.22,5.27,5.06,5.27,2387600
2004-05-26,5.29,5.34,5.18,5.29,2217000
2004-05-27,5.33,5.41,5.27,5.36,2371000
2004-05-28,5.39,5.45,5.26,5.32,1342500
2004-06-01,5.29,5.4,5.21,5.29,1471000
2004-06-02,5.31,5.34,5.15,5.23,1116300
2004-06-03,5.19,5.2,4.97,4.97,2363100
2004-06-04,5.1,5.16,5.02,5.06,1619900
2004-06-07,5.14,5.2,5.04,5.19,2986800
2004-06-08,5.19,5.48,5.1,5.48,4881100
2004-06-09,5.47,5.5,5.3,5.32,5254800
2004-06-10,5.37,5.4,5.19,5.28,1638900
2004-06-14,5.22,5.27,5.05,5.05,1417700
2004-06-15,5.13,5.34,5.12,5.22,1281000
2004-06-16,5.28,5.31,5.12,5.21,845900
2004-06-17,5.22,5.22,5.06,5.06,803000
2004-06-18,4.89,5.16,4.88,5.09,1275700
2004-06-21,5.14,5.27,5.05,5.07,1214800
2004-06-22,5.07,5.29,5.05,5.25,1197000
2004-06-23,5.25,5.6,5.19,5.48,3268400
2004-06-24,5.51,5.57,5.24,5.27,2216400
2004-06-25,5.28,5.42,5.25,5.29,1880500
2004-06-28,5.45,5.45,5.11,5.17,2604900
2004-06-29,5.26,5.3,5.12,5.16,2343500
2004-06-30,5.29,5.67,5.18,5.52,4929600
2004-07-01,5.53,5.66,5.33,5.36,2144000
2004-07-02,5.32,5.36,5.25,5.3,1099300
2004-07-06,5.23,5.29,5.04,5.1,2096600
2004-07-07,5.12,5.3,5.12,5.26,3141000
2004-07-08,5.13,5.25,5.1,5.2,2771500
2004-07-09,5.25,5.42,5.22,5.36,2341700
2004-07-12,5.34,5.37,5.15,5.22,2194200
2004-07-13,5.27,5.44,5.22,5.37,2925100
2004-07-14,5.35,5.47,5.15,5.22,3272100
2004-07-15,5.26,5.41,5.2,5.38,2780900
2004-07-16,5.35,5.42,5.07,5.14,1970500
2004-07-19,5.16,5.22,4.95,5.07,1653100
2004-07-20,5.15,5.69,5.02,5.66,4751200
2004-07-21,5.74,5.85,5.38,5.58,5637300
2004-07-22,5.17,5.54,5.04,5.24,6271600
2004-07-23,5.16,5.29,4.78,5.17,5177800
2004-07-26,5.22,5.24,4.92,4.95,2415400
2004-07-27,5.04,5.25,4.96,5.08,2540600
2004-07-28,5.05,5.09,4.94,5.01,1716100
2004-07-29,5.02,5.31,5.01,5.3,1675700
2004-07-30,5.25,5.54,5.24,5.42,3554000
2004-08-02,5.23,5.35,5.18,5.24,1790700
2004-08-03,5.19,5.26,5.07,5.11,1126200
2004-08-04,5.07,5.18,5.02,5.1,2443600
2004-08-05,5.1,5.19,5.01,5.06,2483600
2004-08-06,5,5.03,4.84,4.85,2033700
2004-08-09,4.9,4.95,4.82,4.83,1138600
2004-08-10,4.83,5.04,4.83,4.99,1026400
2004-08-11,4.71,4.76,4.57,4.63,2418500
2004-08-12,4.62,4.65,4.25,4.48,2758800
2004-08-13,4.55,4.63,4.3,4.38,1588700
2004-08-16,4.4,4.52,4.35,4.48,1137600
2004-08-17,4.57,4.62,4.51,4.56,957400
2004-08-18,4.51,4.8,4.37,4.78,1212600
2004-08-19,4.79,4.82,4.6,4.63,612200
2004-08-20,4.59,4.75,4.58,4.71,947800
2004-08-23,4.73,4.83,4.69,4.77,474000
2004-08-24,4.8,4.93,4.78,4.84,871800
2004-08-25,4.83,4.92,4.77,4.85,934500
2004-08-26,4.84,4.95,4.8,4.8,791800
2004-08-27,4.8,4.89,4.79,4.86,619500
2004-08-30,4.79,4.92,4.7,4.73,605800
2004-08-31,4.7,4.78,4.45,4.65,1247400
2004-09-01,4.62,5.25,4.61,4.76,1705100
2004-09-02,4.79,4.8,4.6,4.74,1107100
2004-09-03,4.65,4.77,4.59,4.66,1164400
2004-09-07,4.71,4.8,4.6,4.66,936500
2004-09-08,4.57,4.76,4.57,4.64,1127400
2004-09-09,4.71,4.9,4.65,4.87,1337100
2004-09-10,4.85,5.16,4.82,5.16,1889800
2004-09-13,5.16,5.28,5.08,5.12,1366000
2004-09-14,5.11,5.2,5.05,5.1,650300
2004-09-15,5.11,5.13,4.9,4.95,1137900
2004-09-16,4.92,5.02,4.92,4.97,715300
2004-09-17,5,5.13,4.75,4.79,2382300
2004-09-20,4.79,4.79,4.66,4.7,2245700
2004-09-21,4.7,4.78,4.69,4.78,1163100
2004-09-22,4.74,4.74,4.55,4.6,1013100
2004-09-23,4.64,4.75,4.57,4.69,848500
2004-09-24,4.74,4.75,4.51,4.52,1206800
2004-09-27,4.5,4.51,4.3,4.3,1732900
2004-09-28,4.33,4.42,4.3,4.41,1147000
2004-09-29,4.4,4.57,4.4,4.44,926100
2004-09-30,4.44,4.54,4.39,4.45,889700
2004-10-01,4.5,4.66,4.47,4.64,1664600
2004-10-04,4.7,4.9,4.7,4.86,2316700
2004-10-05,4.86,5.06,4.81,5.04,2678800
2004-10-06,5.02,5.09,4.85,5.04,1838400
2004-10-07,5.12,5.21,5.05,5.09,2103900
2004-10-08,5.1,5.22,4.95,5.18,2425500
2004-10-11,5.15,5.26,5.09,5.26,1584200
2004-10-12,5.16,5.25,5.06,5.2,947700
2004-10-13,5.26,5.41,5.25,5.39,2463000
2004-10-14,5.35,5.38,5.12,5.2,1098400
2004-10-15,5.18,5.26,5.11,5.14,1428300
2004-10-18,5.16,5.53,5.16,5.44,3494900
2004-10-19,5.5,5.73,5.44,5.47,3756400
2004-10-20,5.4,5.49,5.19,5.31,3098400
2004-10-21,5.45,5.78,5.42,5.74,5090200
2004-10-22,5.75,5.8,5.11,5.52,3677600
2004-10-25,5.39,5.67,5.39,5.6,1585600
2004-10-26,5.62,5.66,5.46,5.55,1870000
2004-10-27,5.53,5.73,5.47,5.7,2419200
2004-10-28,5.69,5.9,5.63,5.9,1723300
2004-10-29,5.9,5.91,5.76,5.85,1629000
2004-11-01,5.75,5.92,5.74,5.9,907800
2004-11-02,5.87,6.14,5.86,6.06,2208700
2004-11-03,6.25,6.27,5.84,5.94,3197600
2004-11-04,5.86,6.11,5.85,6.09,1573500
2004-11-05,6.14,6.49,6.07,6.48,3311700
2004-11-08,6.46,6.6,6.42,6.52,1949800
2004-11-09,6.61,6.61,6.36,6.56,1675400
2004-11-10,6.49,6.5,6.2,6.3,2845700
2004-11-11,6.27,6.42,6.27,6.4,2734400
2004-11-12,6.35,6.42,6.33,6.39,2179100
2004-11-15,6.37,6.93,6.35,6.93,3244700
2004-11-16,6.82,7.12,6.8,7.03,2559000
2004-11-17,7.16,7.25,7.04,7.22,3572000
2004-11-18,7.07,7.19,6.87,7.01,2057900
2004-11-19,6.95,7.01,6.77,6.89,2307000
2004-11-22,6.79,6.97,6.78,6.95,1501000
2004-11-23,6.98,7,6.67,6.76,2603800
2004-11-24,6.82,6.9,6.7,6.87,1425200
2004-11-26,6.82,6.94,6.78,6.8,361400
2004-11-29,6.83,6.91,6.69,6.86,1055900
2004-11-30,6.8,6.95,6.74,6.83,1256000
2004-12-01,6.8,7.14,6.8,6.96,5387300
2004-12-02,6.96,7.1,6.95,7.06,3234700
2004-12-03,7.1,7.1,6.83,6.87,1792600
2004-12-06,6.9,6.91,6.74,6.82,1722500
2004-12-07,6.88,7.02,6.59,6.63,2416300
2004-12-08,6.59,6.74,6.58,6.65,1785200
2004-12-09,6.65,6.68,6.29,6.51,3135900
2004-12-10,6.45,6.51,6.36,6.45,1466200
2004-12-13,6.48,6.51,6.28,6.41,2057200
2004-12-14,6.4,6.49,6.35,6.43,2156300
2004-12-15,6.45,6.64,6.39,6.54,4179700
2004-12-16,6.54,6.54,6.35,6.46,1787500
2004-12-17,6.43,6.49,6.23,6.34,963700
2004-12-20,6.3,6.44,6.27,6.27,1052700
2004-12-21,6.26,6.41,6.14,6.38,2213500
2004-12-22,6.38,6.46,6.32,6.39,1762600
2004-12-23,6.39,6.39,6.24,6.31,2152200
2004-12-27,6.3,6.39,6.14,6.2,1443200
2004-12-28,6.18,6.27,6.14,6.23,1637600
2004-12-29,6.23,6.34,6.17,6.3,1989100
2004-12-30,6.3,6.57,6.3,6.54,2550600
2004-12-31,6.5,6.65,6.5,6.55,1378500
2005-01-03,6.65,6.69,6.36,6.42,2073700
2005-01-04,6.41,6.51,5.98,5.98,2996000
2005-01-05,5.99,6.16,5.95,5.98,2153900
2005-01-06,6.09,6.12,5.95,6.04,1499900
2005-01-07,6.06,6.11,5.91,5.95,1275700
2005-01-10,5.9,6.03,5.78,5.83,1197200
2005-01-11,5.75,5.84,5.62,5.66,1699200
2005-01-12,5.68,5.72,5.56,5.65,1283400
2005-01-13,5.8,6.09,5.71,5.96,2300200
2005-01-14,6.01,6.1,5.89,6.01,1204000
2005-01-18,5.99,6.05,5.89,5.91,1513200
2005-01-19,5.97,5.97,5.66,5.88,1699200
2005-01-20,6.05,6.85,5.92,6.64,9034300
2005-01-21,6.75,6.79,6.34,6.44,4795700
2005-01-24,6.46,6.56,6.17,6.19,2040500
2005-01-25,6.24,6.45,6.15,6.17,2166100
2005-01-26,6.35,6.38,6.23,6.33,2087800
2005-01-27,6.31,6.42,6.16,6.37,1731100
2005-01-28,6.44,6.45,6.08,6.22,1691300
2005-01-31,6.32,6.4,6.26,6.4,1290400
2005-02-01,6.38,6.47,6.21,6.27,1964000
2005-02-02,6.27,6.37,6.26,6.36,2019100
2005-02-03,6.32,6.34,6.09,6.15,1392300
2005-02-04,6.1,6.32,6.09,6.23,1510700
2005-02-07,6.18,6.45,6.18,6.41,1383700
2005-02-08,6.42,6.6,6.35,6.56,2204400
2005-02-09,6.5,6.52,6.21,6.21,1777600
2005-02-10,6.28,6.3,6.05,6.11,1207000
2005-02-11,6.09,6.32,6.01,6.25,1425900
2005-02-14,6.25,6.32,6.22,6.25,1115800
2005-02-15,6.26,6.68,6.26,6.43,2355900
2005-02-16,6.45,6.61,6.4,6.44,1340400
2005-02-17,6.42,6.5,6.23,6.25,743300
2005-02-18,6.23,6.37,6.12,6.13,1044500
2005-02-22,6.04,6.21,5.86,5.91,1957200
2005-02-23,5.97,6,5.82,5.9,1443400
2005-02-24,5.9,6.03,5.81,6,1003100
2005-02-25,5.96,6.18,5.95,6.09,988400
2005-02-28,6.06,6.15,5.81,5.82,1719800
2005-03-01,5.89,6.14,5.86,6.12,1400000
2005-03-02,6.03,6.17,6,6.06,1436100
2005-03-03,6.08,6.14,6,6.06,821700
2005-03-04,6.11,6.14,6,6.04,645700
2005-03-07,6.01,6.21,5.99,6.17,1148900
2005-03-08,6.2,6.22,6.05,6.06,780400
2005-03-09,6,6.26,5.99,6.12,1894900
2005-03-10,6.14,6.18,6.02,6.1,1174600
2005-03-11,6.13,6.14,5.9,6.06,1314400
2005-03-14,6.03,6.17,6.03,6.16,1530900
2005-03-15,6.19,6.28,6.18,6.2,1978500
2005-03-16,6.2,6.3,6.1,6.15,1663800
2005-03-17,6.12,6.27,6.12,6.22,1311900
2005-03-18,6.19,6.25,5.9,6.09,2772800
2005-03-21,6.1,6.13,5.99,6.01,703300
2005-03-22,6,6.09,5.9,5.95,1105800
2005-03-23,5.91,5.99,5.85,5.9,2229500
2005-03-24,5.9,6.01,5.82,5.82,1031700
2005-03-28,5.86,5.87,5.68,5.73,1672100
2005-03-29,5.68,5.76,5.51,5.54,1138900
2005-03-30,5.51,5.81,5.51,5.8,1817600
2005-03-31,5.76,5.89,5.55,5.89,4956100
2005-04-01,5.9,6.05,5.89,5.91,2483700
2005-04-04,5.85,5.91,5.77,5.82,1509600
2005-04-05,5.83,5.87,5.52,5.59,1900100
2005-04-06,5.56,5.72,5.52,5.62,1943500
2005-04-07,5.65,5.68,5.5,5.56,3790100
2005-04-08,5.56,5.57,5.16,5.26,6707500
2005-04-11,5.25,5.27,5.14,5.23,1762300
2005-04-12,5.17,5.41,5.17,5.32,3578900
2005-04-13,5.15,5.25,5.09,5.16,3598800
2005-04-14,5.14,5.17,4.97,5,1669500
2005-04-15,4.56,4.66,4.17,4.44,10075200
2005-04-18,4.45,4.53,4.39,4.51,6154000
2005-04-19,4.55,4.66,4.5,4.63,2413400
2005-04-20,4.82,4.82,4.6,4.65,3746100
2005-04-21,4.68,4.82,4.66,4.77,1722600
2005-04-22,4.72,4.75,4.55,4.63,2960400
2005-04-25,4.65,4.7,4.54,4.63,1400400
2005-04-26,4.6,4.7,4.49,4.57,1527300
2005-04-27,4.56,4.64,4.45,4.53,1054100
2005-04-28,4.57,4.57,4.38,4.4,2397900
2005-04-29,4.4,4.5,4.33,4.45,1673000
2005-05-02,4.45,4.47,4.35,4.43,1461200
2005-05-03,4.41,4.48,4.35,4.41,808900
2005-05-04,4.41,4.54,4.4,4.5,959500
2005-05-05,4.49,4.56,4.4,4.54,1304800
2005-05-06,4.59,4.61,4.38,4.44,1493000
2005-05-09,4.46,4.48,4.36,4.45,1589900
2005-05-10,4.47,4.58,4.36,4.45,1515300
2005-05-11,4.43,4.45,4.26,4.29,1480200
2005-05-12,4.29,4.33,4.16,4.18,2081600
2005-05-13,4.16,4.25,4.1,4.17,1665700
2005-05-16,4.2,4.33,4.14,4.29,1337100
2005-05-17,4.28,4.29,4.17,4.25,927600
2005-05-18,4.2,4.42,4.18,4.4,1002000
2005-05-19,4.43,4.45,4.32,4.39,752600
2005-05-20,4.32,4.67,4.31,4.6,2729600
2005-05-23,4.6,4.75,4.56,4.65,2452000
2005-05-24,4.61,4.75,4.52,4.69,1870600
2005-05-25,4.75,4.78,4.61,4.69,1987800
2005-05-26,4.7,4.78,4.65,4.78,1286100
2005-05-27,4.81,4.83,4.59,4.73,1593500
2005-05-31,4.68,4.75,4.57,4.57,2165900
2005-06-01,4.61,4.69,4.54,4.67,1157700
2005-06-02,4.66,4.76,4.65,4.67,752600
2005-06-03,4.67,4.67,4.51,4.54,1232000
2005-06-06,4.5,4.56,4.37,4.46,1179600
2005-06-07,4.47,4.52,4.32,4.37,2841400
2005-06-08,4.39,4.44,4.33,4.35,1560400
2005-06-09,4.41,4.43,4.33,4.4,1931300
2005-06-10,4.4,4.6,4.35,4.38,2725900
2005-06-13,4.38,4.43,4.34,4.39,1258900
2005-06-14,4.36,4.44,4.34,4.43,1067500
2005-06-15,4.47,4.51,4.37,4.49,929700
2005-06-16,4.47,4.6,4.46,4.6,1220600
2005-06-17,4.57,4.63,4.43,4.49,1021600
2005-06-20,4.46,4.5,4.39,4.43,897000
2005-06-21,4.43,4.5,4.35,4.38,1532900
2005-06-22,4.42,4.43,4.29,4.33,1360500
2005-06-23,4.33,4.38,4.27,4.28,1115200
2005-06-24,4.31,4.36,4.25,4.27,1260900
2005-06-27,4.25,4.27,4.03,4.17,835300
2005-06-28,4.14,4.21,4.06,4.15,1740000
2005-06-29,4.18,4.23,4.09,4.11,1382700
2005-06-30,4.1,4.13,4.06,4.07,1383000
2005-07-01,4.1,4.12,4.03,4.09,664500
2005-07-05,4.05,4.1,4.05,4.09,1150800
2005-07-06,4.1,4.23,4.02,4.06,3682900
2005-07-07,4.07,4.18,4.05,4.13,1254300
2005-07-08,4.11,4.41,4.1,4.32,2279600
2005-07-11,4.34,4.55,4.33,4.46,4102400
2005-07-12,4.48,4.49,4.37,4.45,2109700
2005-07-13,4.54,4.77,4.49,4.7,3588000
2005-07-14,4.8,4.8,4.6,4.64,1659700
2005-07-15,4.64,4.92,4.62,4.9,3412300
2005-07-18,4.89,4.99,4.82,4.97,3194800
2005-07-19,4.99,5.04,4.94,4.96,1820500
2005-07-20,4.95,5,4.72,4.89,1376100
2005-07-21,4.87,4.96,4.65,4.91,2415100
2005-07-22,4.96,5.08,4.88,5,1545300
2005-07-25,4.96,5.04,4.81,4.91,967100
2005-07-26,4.98,4.98,4.78,4.89,1199800
2005-07-27,4.88,4.88,4.74,4.83,1142100
2005-07-28,4.85,4.85,4.74,4.75,725200
2005-07-29,4.74,4.85,4.74,4.78,855400
2005-08-01,4.83,5.01,4.79,4.97,3839700
2005-08-02,5.01,5.2,4.99,5.14,3165700
2005-08-03,5.12,5.19,4.9,5.06,4232800
2005-08-04,4.85,5.01,4.8,4.89,3940600
2005-08-05,4.9,4.96,4.75,4.8,2883100
2005-08-08,4.75,4.84,4.63,4.64,1983800
2005-08-09,4.65,4.78,4.62,4.68,1219500
2005-08-10,4.63,4.71,4.59,4.61,1382100
2005-08-11,4.59,4.59,4.39,4.49,4330300
2005-08-12,4.48,4.48,4.26,4.29,3784600
2005-08-15,4.3,4.44,4.27,4.41,1076500
2005-08-16,4.37,4.43,4.32,4.38,1044900
2005-08-17,4.4,4.41,4.25,4.25,1109700
2005-08-18,4.29,4.32,4.23,4.25,2119800
2005-08-19,4.31,4.46,4.3,4.33,2043000
2005-08-22,4.34,4.44,4.34,4.35,1489400
2005-08-23,4.36,4.38,4.3,4.35,1665600
2005-08-24,4.35,4.37,4.29,4.3,532500
2005-08-25,4.32,4.34,4.26,4.27,716800
2005-08-26,4.26,4.33,4.22,4.22,1356500
2005-08-29,4.2,4.24,4.17,4.17,1415400
2005-08-30,4.15,4.31,4.15,4.3,2687400
2005-08-31,4.33,4.39,4.25,4.32,2790000
2005-09-01,4.32,4.42,4.31,4.4,1769500
2005-09-02,4.45,4.45,4.31,4.31,1129200
2005-09-06,4.34,4.48,4.33,4.47,3009900
2005-09-07,4.45,4.49,4.39,4.4,1122800
2005-09-08,4.45,4.5,4.4,4.47,2343300
2005-09-09,4.46,4.52,4.44,4.47,2024600
2005-09-12,4.46,4.63,4.45,4.63,2324700
2005-09-13,4.62,4.68,4.58,4.62,2228800
2005-09-14,4.62,4.83,4.5,4.58,2630200
2005-09-15,4.6,4.66,4.5,4.65,2127500
2005-09-16,4.66,4.75,4.62,4.71,1435700
2005-09-19,4.69,4.71,4.56,4.6,1606300
2005-09-20,4.6,4.74,4.47,4.49,1394700
2005-09-21,4.5,4.52,4.35,4.41,1054600
2005-09-22,4.4,4.43,4.3,4.39,565900
2005-09-23,4.4,4.44,4.35,4.43,666400
2005-09-26,4.42,4.48,4.3,4.36,1609600
2005-09-27,4.33,4.36,4.31,4.34,894000
2005-09-28,4.33,4.42,4.25,4.37,1874500
2005-09-29,4.34,4.41,4.27,4.34,1242700
2005-09-30,4.34,4.66,4.32,4.45,2203100
2005-10-03,4.45,4.58,4.43,4.51,1706000
2005-10-04,4.5,4.63,4.46,4.47,1292800
2005-10-05,4.74,4.86,4.63,4.7,4633000
2005-10-06,4.78,4.86,4.63,4.67,1983300
2005-10-07,4.72,4.87,4.64,4.85,1614200
2005-10-10,4.81,4.85,4.66,4.66,738300
2005-10-11,4.7,4.74,4.5,4.5,943900
2005-10-12,4.49,4.56,4.35,4.4,1109700
2005-10-13,4.4,4.47,4.35,4.43,582100
2005-10-14,4.45,4.51,4.36,4.38,1186700
2005-10-17,4.39,4.41,4.35,4.4,1239900
2005-10-18,4.4,4.41,4.29,4.34,1079700
2005-10-19,4.31,4.47,4.26,4.46,1048800
2005-10-20,4.47,4.54,4.39,4.46,997300
2005-10-21,4.48,4.6,4.43,4.5,1322000
2005-10-24,4.5,4.69,4.5,4.57,1746000
2005-10-25,4.54,4.6,4.41,4.49,1478100
2005-10-26,4.54,4.62,4.42,4.47,2027400
2005-10-27,4.65,4.73,4.52,4.7,3734100
2005-10-28,4.73,4.86,4.67,4.74,3190400
2005-10-31,4.73,4.84,4.72,4.83,1442400
2005-11-01,4.72,4.83,4.7,4.79,949300
2005-11-02,4.77,4.8,4.7,4.78,960000
2005-11-03,4.77,4.83,4.74,4.77,1209800
2005-11-04,4.76,4.8,4.67,4.72,639800
2005-11-07,4.72,4.88,4.7,4.88,1777800
2005-11-08,4.83,4.88,4.71,4.75,1031300
2005-11-09,4.73,4.75,4.6,4.63,747600
2005-11-10,4.57,4.75,4.57,4.71,970100
2005-11-11,4.7,4.77,4.7,4.72,332600
2005-11-14,4.76,4.84,4.72,4.83,1057200
2005-11-15,4.85,4.9,4.83,4.85,1748600
2005-11-16,4.82,4.88,4.7,4.75,1212400
2005-11-17,4.77,5.05,4.72,5,3775000
2005-11-18,5.06,5.1,5,5.06,1488200
2005-11-21,5.09,5.1,4.95,5,1498800
2005-11-22,4.96,5.15,4.96,5.04,1482800
2005-11-23,5.02,5.1,5,5.03,975500
2005-11-25,5,5.06,4.94,4.96,356000
2005-11-28,4.92,4.92,4.79,4.9,1614900
2005-11-29,4.93,4.98,4.85,4.93,1228400
2005-11-30,4.89,4.96,4.8,4.92,1323800
2005-12-01,4.94,5.3,4.91,5.26,4146900
2005-12-02,5.3,5.3,5.08,5.14,2116200
2005-12-05,5.14,5.2,5,5.13,1470000
2005-12-06,5.12,5.2,5.06,5.07,887100
2005-12-07,5.06,5.1,4.97,5,1000200
2005-12-08,5.02,5.15,4.97,4.98,1753600
2005-12-09,4.97,5.14,4.94,5.11,1189600
2005-12-12,5.14,5.15,4.99,5.08,740100
2005-12-13,5.08,5.15,5.03,5.06,791600
2005-12-14,5.05,5.08,4.99,5.01,1057100
2005-12-15,4.99,5.07,4.95,4.97,609400
2005-12-16,5.04,5.05,4.84,4.91,2270600
2005-12-19,4.92,4.97,4.82,4.93,1517000
2005-12-20,4.93,4.97,4.91,4.93,1130000
2005-12-21,4.93,4.97,4.83,4.88,1600900
2005-12-22,4.92,4.97,4.75,4.82,1726000
2005-12-23,4.8,4.85,4.74,4.85,1107900
2005-12-27,4.89,4.92,4.73,4.8,1511900
2005-12-28,4.76,4.83,4.74,4.8,692700
2005-12-29,4.8,4.85,4.78,4.78,575800
2005-12-30,4.75,4.82,4.61,4.75,1274500
2006-01-03,4.81,4.88,4.69,4.88,2430100
2006-01-04,4.86,4.91,4.63,4.72,7428900
2006-01-05,4.72,4.72,4.64,4.66,2756900
2006-01-06,4.65,4.7,4.64,4.65,2067400
2006-01-09,4.64,4.75,4.63,4.72,2355200
2006-01-10,4.7,4.76,4.63,4.67,2756000
2006-01-11,4.61,4.71,4.61,4.65,2844000
2006-01-12,4.64,4.71,4.62,4.68,1855300
2006-01-13,4.69,4.75,4.66,4.69,1214100
2006-01-17,4.66,4.7,4.58,4.62,1356000
2006-01-18,4.62,4.8,4.6,4.77,3051800
2006-01-19,4.81,5.08,4.78,5.07,6082700
2006-01-20,5.09,5.13,4.98,5.02,3262700
2006-01-23,4.96,5.02,4.89,4.92,3422800
2006-01-24,4.94,5.04,4.85,4.95,4130000
2006-01-25,4.66,4.76,4.47,4.74,17399300
2006-01-26,4.73,4.76,4.66,4.69,3008900
2006-01-27,4.65,4.78,4.61,4.77,1659400
2006-01-30,4.72,4.92,4.72,4.87,3605600
2006-01-31,4.86,4.95,4.84,4.9,2487500
2006-02-01,4.75,4.95,4.71,4.89,1583200
2006-02-02,4.87,4.95,4.76,4.8,4157700
2006-02-03,4.83,4.94,4.77,4.93,3056200
2006-02-06,4.91,4.95,4.9,4.92,795100
2006-02-07,4.9,4.93,4.88,4.9,2314400
2006-02-08,4.9,4.97,4.88,4.9,1321400
2006-02-09,4.89,4.95,4.87,4.88,1725200
2006-02-10,4.85,4.95,4.78,4.94,1099500
2006-02-13,4.87,4.91,4.81,4.85,945700
2006-02-14,4.83,4.96,4.82,4.9,1106900
2006-02-15,4.9,4.94,4.85,4.92,1174600
2006-02-16,4.95,4.99,4.91,4.93,1102800
2006-02-17,4.95,5.04,4.92,4.97,2069500
2006-02-21,4.94,4.96,4.78,4.86,11116500
2006-02-22,4.89,4.92,4.8,4.89,1135600
2006-02-23,4.85,5,4.85,4.96,1365800
2006-02-24,4.92,5.03,4.85,4.89,1720900
2006-02-27,4.87,4.96,4.76,4.79,2925000
2006-02-28,4.8,4.8,4.57,4.63,4278300
2006-03-01,4.63,4.73,4.6,4.69,4153600
2006-03-02,4.67,4.73,4.59,4.62,6769700
2006-03-03,4.61,4.65,4.59,4.59,5468000
2006-03-06,4.59,4.64,4.53,4.56,8730200
2006-03-07,4.57,4.59,4.42,4.48,2490500
2006-03-08,4.47,4.56,4.43,4.55,1735400
2006-03-09,4.55,4.66,4.51,4.53,1862100
2006-03-10,4.53,4.64,4.53,4.63,775300
2006-03-13,4.61,4.69,4.61,4.69,1535000
2006-03-14,4.7,4.72,4.64,4.65,1520200
2006-03-15,4.72,4.86,4.62,4.76,2033900
2006-03-16,4.77,4.79,4.67,4.72,1785200
2006-03-17,4.73,5,4.72,4.99,5213500
2006-03-20,5.16,5.24,5.06,5.07,6264800
2006-03-21,5.08,5.2,5.06,5.08,5281100
2006-03-22,5.1,5.12,4.99,5.02,2099700
2006-03-23,5.05,5.11,5.01,5.1,2237700
2006-03-24,5.18,5.19,5.12,5.15,2269200
2006-03-27,5.17,5.29,5.17,5.22,3904200
2006-03-28,5.23,5.27,5.07,5.09,3618100
2006-03-29,5.11,5.17,5.09,5.17,2028600
2006-03-30,5.14,5.25,5.02,5.08,5228000
2006-03-31,5.1,5.12,4.99,5.02,2490500
2006-04-03,5.05,5.07,4.86,4.86,3775400
2006-04-04,4.85,5.02,4.83,4.97,3409700
2006-04-05,5,5.06,4.97,5.05,2402600
2006-04-06,5.02,5.1,5,5.09,2048800
2006-04-07,4.57,4.95,4.53,4.75,18940100
2006-04-10,4.71,4.73,4.59,4.63,4990900
2006-04-11,4.65,4.66,4.45,4.48,5210000
2006-04-12,4.49,4.53,4.48,4.5,2589300
2006-04-13,4.48,4.61,4.45,4.61,2480500
2006-04-17,4.62,4.65,4.5,4.53,2009800
2006-04-18,4.51,4.68,4.51,4.66,1861800
2006-04-19,4.65,4.7,4.6,4.64,1255300
2006-04-20,4.61,4.65,4.54,4.56,1751000
2006-04-21,4.56,4.71,4.55,4.56,2281700
2006-04-24,4.61,4.61,4.53,4.57,1036100
2006-04-25,4.66,4.74,4.61,4.69,1723100
2006-04-26,4.56,4.65,4.55,4.6,3996900
2006-04-27,4.55,4.65,4.55,4.6,1307200
2006-04-28,4.57,4.62,4.51,4.54,3105400
2006-05-01,4.53,4.65,4.53,4.54,1394500
2006-05-02,4.53,4.59,4.53,4.56,1387000
2006-05-03,4.56,4.61,4.54,4.61,931900
2006-05-04,4.6,4.74,4.6,4.69,1056900
2006-05-05,4.69,4.85,4.69,4.7,2139700
2006-05-08,4.68,4.72,4.65,4.68,1290500
2006-05-09,4.66,4.7,4.65,4.66,871800
2006-05-10,4.67,4.7,4.59,4.62,1391100
2006-05-11,4.61,4.61,4.52,4.55,1917700
2006-05-12,4.52,4.55,4.49,4.5,1475400
2006-05-15,4.48,4.55,4.44,4.44,1618700
2006-05-16,4.47,4.53,4.45,4.51,744800
2006-05-17,4.47,4.63,4.45,4.58,2285400
2006-05-18,4.57,4.62,4.55,4.55,1119100
2006-05-19,4.54,4.61,4.51,4.59,1195800
2006-05-22,4.53,4.72,4.52,4.7,1955800
2006-05-23,4.7,4.74,4.51,4.52,2965900
2006-05-24,4.5,4.56,4.44,4.46,3158100
2006-05-25,4.49,4.51,4.42,4.47,1291300
2006-05-26,4.47,4.55,4.45,4.5,1698000
2006-05-30,4.47,4.51,4.34,4.36,1850300
2006-05-31,4.36,4.46,4.35,4.44,1689000
2006-06-01,4.44,4.48,4.36,4.42,3218100
2006-06-02,4.46,4.47,4.37,4.41,1300700
2006-06-05,4.39,4.4,4.3,4.31,2107700
2006-06-06,4.34,4.35,4.29,4.33,630000
2006-06-07,4.31,4.45,4.24,4.26,1721000
2006-06-08,4.24,4.28,4.14,4.18,3411300
2006-06-09,4.17,4.26,4.16,4.22,1479400
2006-06-12,4.2,4.22,4.1,4.11,1616300
2006-06-13,4.11,4.18,4.01,4.02,3400300
2006-06-14,4.02,4.11,3.96,4.08,1758800
2006-06-15,4.12,4.23,4.11,4.21,1420500
2006-06-16,4.2,4.35,4.06,4.06,2956900
2006-06-19,4.14,4.2,4.07,4.13,1459300
2006-06-20,4.12,4.28,4.12,4.2,1044600
2006-06-21,4.19,4.36,4.18,4.31,1043900
2006-06-22,4.32,4.38,4.23,4.28,1138200
2006-06-23,4.27,4.29,4.2,4.2,980900
2006-06-26,4.23,4.23,4.04,4.07,2999200
2006-06-27,4.05,4.14,4.01,4.02,889200
2006-06-28,4.05,4.11,4.02,4.05,1122400
2006-06-29,4.07,4.17,4.06,4.15,2841200
2006-06-30,4.16,4.16,4.11,4.16,3356100
2006-07-03,4.12,4.22,4.12,4.22,437500
2006-07-05,4.18,4.2,4.1,4.13,884700
2006-07-06,4.1,4.14,3.93,3.98,2479700
2006-07-07,3.97,4,3.96,3.97,794400
2006-07-10,3.99,4.04,3.87,3.91,947300
2006-07-11,3.88,3.94,3.87,3.93,839600
2006-07-12,3.91,3.95,3.86,3.88,957900
2006-07-13,3.86,3.9,3.75,3.76,826700
2006-07-14,3.74,3.77,3.71,3.74,1049800
2006-07-17,3.72,3.75,3.62,3.67,1869800
2006-07-18,3.65,3.72,3.59,3.67,2005200
2006-07-19,3.66,3.89,3.66,3.88,2158400
2006-07-20,3.86,3.96,3.76,3.86,1364300
2006-07-21,3.83,3.83,3.75,3.81,1545300
2006-07-24,3.82,3.94,3.82,3.9,2727200
2006-07-25,3.89,3.92,3.82,3.84,1110200
2006-07-26,3.82,3.88,3.8,3.85,667900
2006-07-27,3.87,3.9,3.73,3.75,578700
2006-07-28,3.76,3.8,3.73,3.76,931100
2006-07-31,3.73,3.85,3.73,3.81,782900
2006-08-01,3.77,3.88,3.71,3.74,577000
2006-08-02,3.73,3.84,3.72,3.73,972500
2006-08-03,3.52,3.55,3.44,3.53,6204500
2006-08-04,3.57,3.65,3.49,3.62,2033600
2006-08-07,3.6,3.62,3.49,3.55,888700
2006-08-08,3.54,3.6,3.5,3.52,1904600
2006-08-09,3.54,3.64,3.54,3.57,1240200
2006-08-10,3.53,3.59,3.45,3.54,1131100
2006-08-11,3.52,3.58,3.46,3.5,864900
2006-08-14,3.51,3.51,3.4,3.45,1319200
2006-08-15,3.48,3.55,3.46,3.53,524000
2006-08-16,3.55,3.57,3.43,3.5,1987600
2006-08-17,3.48,3.63,3.48,3.62,1439300
2006-08-18,3.63,3.67,3.55,3.66,1855100
2006-08-21,3.64,3.68,3.57,3.61,984500
2006-08-22,3.59,3.61,3.51,3.53,1161300
2006-08-23,3.54,3.58,3.48,3.55,1419200
2006-08-24,3.55,3.59,3.5,3.57,1564000
2006-08-25,3.55,3.64,3.55,3.61,741100
2006-08-28,3.6,3.65,3.57,3.63,518900
2006-08-29,3.62,3.64,3.58,3.58,1165800
2006-08-30,3.58,3.73,3.58,3.65,1200400
2006-08-31,3.65,3.71,3.6,3.69,989900
2006-09-01,3.69,3.69,3.62,3.66,682200
2006-09-05,3.68,3.71,3.62,3.65,538500
2006-09-06,3.61,3.65,3.52,3.53,1144500
2006-09-07,3.51,3.54,3.46,3.47,1076700
2006-09-08,3.46,3.5,3.42,3.43,722900
2006-09-11,3.41,3.45,3.4,3.4,978300
2006-09-12,3.4,3.47,3.4,3.47,1169500
2006-09-13,3.48,3.53,3.45,3.53,934000
2006-09-14,3.53,3.54,3.47,3.5,736500
2006-09-15,3.45,3.48,3.37,3.43,2148000
2006-09-18,3.4,3.47,3.39,3.46,1080900
2006-09-19,3.48,3.49,3.42,3.43,863400
2006-09-20,3.45,3.5,3.41,3.44,974500
2006-09-21,3.44,3.48,3.36,3.42,1511500
2006-09-22,3.39,3.42,3.34,3.4,1171800
2006-09-25,3.39,3.44,3.35,3.39,817700
2006-09-26,3.4,3.69,3.39,3.6,2304400
2006-09-27,3.57,3.66,3.56,3.63,951600
2006-09-28,3.61,3.64,3.49,3.53,1256100
2006-09-29,3.52,3.7,3.52,3.63,1509000
2006-10-02,3.61,3.67,3.55,3.6,945000
2006-10-03,3.58,3.64,3.55,3.62,784200
2006-10-04,3.59,3.69,3.58,3.66,1068800
2006-10-05,3.66,3.72,3.64,3.7,579200
2006-10-06,3.68,3.92,3.68,3.83,1844100
2006-10-09,3.81,3.9,3.79,3.84,1048700
2006-10-10,3.83,3.91,3.79,3.89,1224700
2006-10-11,3.88,3.89,3.8,3.86,1191200
2006-10-12,3.89,4.1,3.89,4.1,3919500
2006-10-13,4.12,4.12,4,4.09,1834900
2006-10-16,4.06,4.09,4.05,4.08,870200
2006-10-17,4.04,4.06,3.95,4.04,1734800
2006-10-18,4.04,4.12,3.94,3.98,1149900
2006-10-19,3.96,3.99,3.91,3.94,1524400
2006-10-20,3.97,4,3.93,3.98,746900
2006-10-23,3.98,4.03,3.91,4,762200
2006-10-24,3.97,4,3.79,3.96,847700
2006-10-25,3.94,4,3.93,3.99,444300
2006-10-26,4.05,4.1,3.9,3.99,1305900
2006-10-27,3.85,3.87,3.75,3.77,1955700
2006-10-30,3.75,3.85,3.73,3.78,678900
2006-10-31,3.83,3.84,3.78,3.8,534700
2006-11-01,3.8,3.82,3.73,3.78,923400
2006-11-02,3.77,3.8,3.68,3.69,950100
2006-11-03,3.69,3.86,3.69,3.8,945300
2006-11-06,3.83,3.91,3.82,3.89,699500
2006-11-07,3.85,3.97,3.85,3.96,1440400
2006-11-08,3.93,4,3.87,3.99,981600
2006-11-09,4,4.02,3.9,3.92,1807100
2006-11-10,3.91,3.98,3.87,3.97,588200
2006-11-13,3.96,3.98,3.9,3.97,701700
2006-11-14,3.97,4.06,3.92,3.99,2308200
2006-11-15,4,4.06,3.92,4.02,3416400
2006-11-16,4.01,4.09,3.98,4.08,2520400
2006-11-17,4.08,4.1,3.97,4.06,962700
2006-11-20,4.02,4.1,3.98,4.07,1589800
2006-11-21,4.06,4.07,3.99,3.99,771800
2006-11-22,3.99,4.06,3.91,4.03,1076100
2006-11-24,4.01,4.05,4,4,237900
2006-11-27,3.97,4.04,3.86,3.88,803000
2006-11-28,3.86,3.93,3.82,3.93,692800
2006-11-29,3.95,4.02,3.86,3.96,901800
2006-11-30,3.98,4.02,3.88,3.97,642600
2006-12-01,4.25,4.25,4.03,4.05,3162100
2006-12-04,4.08,4.19,4.04,4.11,1080200
2006-12-05,4.15,4.2,4.1,4.13,768100
2006-12-06,4.11,4.2,4.07,4.12,1127000
2006-12-07,4.1,4.19,4.08,4.1,960400
2006-12-08,4.07,4.13,4.06,4.11,992500
2006-12-11,4.11,4.18,4.07,4.12,975300
2006-12-12,4.14,4.19,4.09,4.13,512000
2006-12-13,4.17,4.24,4.02,4.06,1720800
2006-12-14,4.06,4.25,4.06,4.23,1835600
2006-12-15,4.26,4.29,4.23,4.26,4126400
2006-12-18,4.26,4.3,4.21,4.22,964400
2006-12-19,4.18,4.26,4.16,4.19,608200
2006-12-20,4.19,4.29,4.19,4.25,1106600
2006-12-21,4.26,4.33,4.2,4.22,1353200
2006-12-22,4.2,4.23,4.15,4.18,584700
2006-12-26,4.16,4.26,4.16,4.2,530800
2006-12-27,4.18,4.25,4.18,4.23,523500
2006-12-28,4.22,4.26,4.19,4.21,1518500
2006-12-29,4.21,4.25,4.13,4.19,1387600
2007-01-03,4.21,4.28,4.12,4.16,2434900
2007-01-04,4.17,4.26,4.13,4.21,1718700
2007-01-05,4.19,4.23,4.01,4.1,2602800
2007-01-08,4.09,4.11,4.04,4.1,2139100
2007-01-09,4.1,4.12,4.04,4.09,1800200
2007-01-10,4.05,4.14,4.05,4.11,1432100
2007-01-11,4.1,4.2,4.1,4.1,1865700
2007-01-12,4.1,4.15,4.05,4.09,1887900
2007-01-16,4.11,4.15,4.06,4.11,1584300
2007-01-17,4.08,4.18,4.07,4.12,1155800
2007-01-18,4.11,4.14,3.98,4.01,1523500
2007-01-19,3.98,4.07,3.96,4.03,1176000
2007-01-22,4.03,4.03,3.96,3.97,574600
2007-01-23,3.95,4.03,3.9,3.96,833400
2007-01-24,3.94,4,3.93,3.99,463000
2007-01-25,3.98,4,3.91,3.94,1049700
2007-01-26,4.06,4.31,4.06,4.25,5275400
2007-01-29,4.25,4.34,4.2,4.26,1019500
2007-01-30,4.26,4.39,4.15,4.18,2732600
2007-01-31,4.15,4.2,4.09,4.15,3917600
2007-02-01,4.17,4.29,4.17,4.22,1743500
2007-02-02,4.24,4.28,4.23,4.24,1961400
2007-02-05,4.22,4.37,4.21,4.36,2282000
2007-02-06,4.36,4.44,4.32,4.35,2217000
2007-02-07,4.38,4.44,4.38,4.4,2457400
2007-02-08,4.38,4.42,4.33,4.4,1912200
2007-02-09,4.38,4.48,4.32,4.36,3193300
2007-02-12,4.48,4.49,4.38,4.44,1995100
2007-02-13,4.47,4.5,4.42,4.46,1304000
2007-02-14,4.67,4.72,4.6,4.65,5275200
2007-02-15,4.69,4.72,4.61,4.62,4210600
2007-02-16,4.62,4.65,4.55,4.62,2901400
2007-02-20,4.59,4.69,4.56,4.65,2233000
2007-02-21,4.62,4.64,4.55,4.6,2297900
2007-02-22,4.6,4.68,4.52,4.63,3005600
2007-02-23,4.63,4.67,4.55,4.55,1825700
2007-02-26,4.54,4.63,4.52,4.55,1628000
2007-02-27,4.46,4.53,4.36,4.36,2163800
2007-02-28,4.34,4.46,4.3,4.41,2163500
2007-03-01,4.34,4.44,4.25,4.37,1863300
2007-03-02,4.34,4.39,4.23,4.24,979100
2007-03-05,4.19,4.23,4.08,4.19,2039200
2007-03-06,4.26,4.37,4.19,4.32,2070100
2007-03-07,4.3,4.33,4.24,4.31,741400
2007-03-08,4.35,4.39,4.24,4.3,1751400
2007-03-09,4.34,4.38,4.24,4.29,623400
2007-03-12,4.25,4.3,4.24,4.29,725700
2007-03-13,4.27,4.27,4.08,4.19,1694000
2007-03-14,4.2,4.2,4.09,4.2,1241600
2007-03-15,4.2,4.23,4.16,4.17,711600
2007-03-16,4.16,4.2,4.1,4.14,1613400
2007-03-19,4.15,4.2,4.13,4.15,449700
2007-03-20,4.14,4.16,4.12,4.14,560500
2007-03-21,4.14,4.18,4.11,4.17,529800
2007-03-22,4.19,4.22,4.13,4.14,491600
2007-03-23,4.13,4.18,4.12,4.12,575400
2007-03-26,4.13,4.28,4.11,4.2,1294700
2007-03-27,4.2,4.29,4.17,4.28,653200
2007-03-28,4.25,4.26,4.2,4.21,822300
2007-03-29,4.27,4.27,4.09,4.18,1370800
2007-03-30,4.2,4.26,4.12,4.23,815200
2007-04-02,4.25,4.25,4.13,4.21,734900
2007-04-03,4.22,4.29,4.2,4.28,822500
2007-04-04,4.27,4.4,4.23,4.4,1142500
2007-04-05,4.42,4.45,4.35,4.38,621700
2007-04-09,4.38,4.4,4.31,4.31,844600
2007-04-10,4.3,4.38,4.25,4.38,848600
2007-04-11,4.4,4.4,4.25,4.33,1486700
2007-04-12,4.32,4.41,4.27,4.39,997900
2007-04-13,4.38,4.44,4.31,4.35,1225200
2007-04-16,4.36,4.49,4.36,4.47,1437400
2007-04-17,4.46,4.48,4.39,4.4,1633600
2007-04-18,4.37,4.45,4.35,4.39,959700
2007-04-19,4.37,4.37,4.33,4.34,691100
2007-04-20,4.38,4.38,4.31,4.34,700800
2007-04-23,4.32,4.35,4.24,4.27,1442600
2007-04-24,4.27,4.37,4.19,4.37,1485500
2007-04-25,4.38,4.43,4.34,4.37,559600
2007-04-26,4.4,4.4,4.26,4.35,1214500
2007-04-27,4.31,4.39,4.1,4.16,2542900
2007-04-30,4.15,4.19,4.02,4.09,2804600
2007-05-01,4.08,4.11,4.01,4.05,1347800
2007-05-02,4.05,4.13,4.03,4.09,1002500
2007-05-03,4.07,4.18,4.03,4.08,1058000
2007-05-04,4.07,4.11,4.03,4.09,1060500
2007-05-07,4.06,4.14,4.05,4.1,780100
2007-05-08,4.07,4.11,4.01,4.09,655200
2007-05-09,4.05,4.11,4.04,4.06,513400
2007-05-10,4.02,4.06,3.92,3.92,1499600
2007-05-11,4.01,4.05,3.94,4.04,1101600
2007-05-14,4.02,4.04,3.92,3.98,1449100
2007-05-15,4,4.04,3.95,3.96,987200
2007-05-16,3.98,4.01,3.92,4,997400
2007-05-17,3.98,4.02,3.92,3.99,647700
2007-05-18,3.99,4.02,3.91,3.98,789200
2007-05-21,3.97,4.05,3.93,3.99,605500
2007-05-22,3.98,4.01,3.93,3.93,1228600
2007-05-23,3.94,3.99,3.85,3.87,1513700
2007-05-24,3.85,3.86,3.73,3.78,1577900
2007-05-25,3.79,3.82,3.73,3.81,768200
2007-05-29,3.8,3.82,3.73,3.79,1296800
2007-05-30,3.75,3.81,3.71,3.8,675700
2007-05-31,3.81,3.83,3.72,3.75,2138500
2007-06-01,3.75,3.85,3.73,3.77,1475200
2007-06-04,3.76,3.87,3.75,3.86,971900
2007-06-05,3.85,3.87,3.76,3.81,611800
2007-06-06,3.7,3.76,3.69,3.72,915900
2007-06-07,3.7,3.74,3.69,3.72,513500
2007-06-08,3.7,3.77,3.68,3.75,430200
2007-06-11,3.72,3.77,3.7,3.74,454100
2007-06-12,3.77,3.79,3.71,3.76,1112300
2007-06-13,3.76,3.82,3.71,3.81,1045000
2007-06-14,3.8,3.84,3.74,3.76,1628400
2007-06-15,3.86,3.9,3.78,3.84,911200
2007-06-18,3.84,3.89,3.82,3.84,642900
2007-06-19,3.84,3.85,3.77,3.8,502600
2007-06-20,3.81,3.82,3.77,3.79,542500
2007-06-21,3.78,3.8,3.75,3.79,1366400
2007-06-22,3.77,3.84,3.74,3.84,1883000
2007-06-25,3.81,3.86,3.75,3.76,606500
2007-06-26,3.79,3.81,3.74,3.77,732400
2007-06-27,3.75,3.87,3.7,3.82,943500
2007-06-28,3.95,4,3.82,3.99,1441100
2007-06-29,3.99,4.13,3.97,4.05,2441200
2007-07-02,4.35,4.45,4.16,4.24,1702400
2007-07-03,4.25,4.34,4.22,4.32,977300
2007-07-05,4.32,4.37,4.29,4.33,1363000
2007-07-06,4.32,4.45,4.32,4.44,1151100
2007-07-09,4.5,4.56,4.46,4.48,1910000
2007-07-10,4.21,4.39,4.14,4.27,1735800
2007-07-11,4.28,4.35,4.25,4.31,768800
2007-07-12,4.33,4.39,4.3,4.35,1454800
2007-07-13,4.34,4.4,4.32,4.38,494600
2007-07-16,4.35,4.42,4.26,4.35,815300
2007-07-17,4.34,4.51,4.32,4.4,1407400
2007-07-18,4.37,4.5,4.36,4.42,889300
2007-07-19,4.52,4.56,4.44,4.5,1473700
2007-07-20,4.49,4.54,4.38,4.41,1486700
2007-07-23,4.39,4.46,4.36,4.43,1198800
2007-07-24,4.36,4.45,4.3,4.35,1378200
2007-07-25,4.35,4.4,4.27,4.33,632400
2007-07-26,4.27,4.3,4.04,4.18,940500
2007-07-27,4.17,4.38,4.07,4.08,1846200
2007-07-30,4.09,4.21,4.02,4.18,2229800
2007-07-31,4.21,4.29,4.05,4.06,4113300
2007-08-01,4.1,4.12,4,4.03,1127000
2007-08-02,4.01,4.05,3.75,3.93,3593100
2007-08-03,3.93,3.98,3.73,3.74,1781900
2007-08-06,3.74,3.77,3.56,3.59,1467400
2007-08-07,3.56,3.59,3.41,3.42,2985300
2007-08-08,3.51,3.7,3.36,3.42,3453900
2007-08-09,3.4,3.54,3.29,3.31,4012500
2007-08-10,3.3,3.56,3.11,3.53,7593600
2007-08-13,3.55,3.69,3.55,3.61,1745700
2007-08-14,3.64,3.73,3.58,3.64,916600
2007-08-15,3.65,3.68,3.4,3.4,652500
2007-08-16,3.44,3.51,3.3,3.51,1396000
2007-08-17,3.67,3.67,3.44,3.48,1320000
2007-08-20,3.48,3.7,3.4,3.55,1086400
2007-08-21,3.56,3.59,3.47,3.52,502000
2007-08-22,3.56,3.62,3.43,3.45,781700
2007-08-23,3.55,3.62,3.44,3.48,1173500
2007-08-24,3.49,3.5,3.46,3.48,736000
2007-08-27,3.48,3.53,3.43,3.52,295100
2007-08-28,3.49,3.49,3.31,3.32,847500
2007-08-29,3.39,3.47,3.33,3.44,915300
2007-08-30,3.4,3.5,3.37,3.39,831400
2007-08-31,3.45,3.48,3.42,3.46,474100
2007-09-04,3.44,3.53,3.44,3.51,654500
2007-09-05,3.48,3.52,3.44,3.45,486700
2007-09-06,3.45,3.5,3.45,3.47,389600
2007-09-07,3.42,3.49,3.41,3.43,563800
2007-09-10,3.44,3.48,3.39,3.45,537400
2007-09-11,3.46,3.59,3.38,3.55,841200
2007-09-12,3.54,3.6,3.5,3.52,375700
2007-09-13,3.55,3.73,3.48,3.72,1308200
2007-09-14,3.7,3.77,3.59,3.7,1077600
2007-09-17,3.7,3.73,3.6,3.61,1327200
2007-09-18,3.62,3.78,3.58,3.78,1916900
2007-09-19,3.79,3.85,3.75,3.81,725100
2007-09-20,3.8,3.93,3.78,3.79,784300
2007-09-21,3.83,3.95,3.8,3.93,1125600
2007-09-24,3.94,3.94,3.76,3.77,787000
2007-09-25,3.75,3.85,3.7,3.71,1653400
2007-09-26,3.79,3.81,3.72,3.74,921400
2007-09-27,3.75,3.8,3.69,3.75,890600
2007-09-28,3.81,3.88,3.77,3.84,1467400
2007-10-01,3.83,3.88,3.81,3.85,732300
2007-10-02,3.86,3.94,3.86,3.9,676500
2007-10-03,3.87,3.91,3.85,3.88,522300
2007-10-04,3.89,3.97,3.83,3.85,336900
2007-10-05,3.91,3.93,3.86,3.88,855800
2007-10-08,3.86,3.92,3.82,3.86,620100
2007-10-09,3.9,3.9,3.8,3.83,571100
2007-10-10,3.81,3.86,3.79,3.85,588200
2007-10-11,3.85,3.91,3.79,3.83,949500
2007-10-12,3.83,3.87,3.8,3.86,671700
2007-10-15,3.85,3.87,3.76,3.82,487000
2007-10-16,3.81,3.81,3.76,3.76,589400
2007-10-17,3.82,3.83,3.76,3.82,415600
2007-10-18,3.8,3.82,3.71,3.75,426000
2007-10-19,3.75,3.78,3.64,3.66,708500
2007-10-22,3.64,3.74,3.64,3.72,548800
2007-10-23,3.74,3.74,3.66,3.71,458900
2007-10-24,3.68,3.72,3.64,3.64,1006100
2007-10-25,4,4.19,3.85,4.09,7795100
2007-10-26,4.16,4.25,4.11,4.25,2874600
2007-10-29,4.29,4.4,4.25,4.36,1837900
2007-10-30,4.35,4.38,4.33,4.38,1249200
2007-10-31,4.4,4.4,4.27,4.38,1684000
2007-11-01,4.3,4.39,4.15,4.16,1740700
2007-11-02,4.2,4.34,4.18,4.25,1212800
2007-11-05,4.18,4.29,4.13,4.16,809700
2007-11-06,4.17,4.35,4.16,4.34,1330100
2007-11-07,4.3,4.32,4.15,4.17,1100800
2007-11-08,4.15,4.17,3.9,4.1,1414200
2007-11-09,4.07,4.1,3.95,4.03,1136700
2007-11-12,4.01,4.08,3.91,3.91,717000
2007-11-13,3.94,4.09,3.94,4.09,1297600
2007-11-14,4.1,4.12,3.96,4.02,849400
2007-11-15,4.01,4.01,3.92,3.95,694600
2007-11-16,3.96,3.96,3.82,3.9,901000
2007-11-19,3.82,3.88,3.66,3.73,688200
2007-11-20,3.76,4,3.75,3.87,992300
2007-11-21,3.86,3.87,3.7,3.78,830300
2007-11-23,3.79,3.92,3.74,3.87,428600
2007-11-26,3.87,3.9,3.64,3.67,940200
2007-11-27,3.67,3.8,3.62,3.63,594300
2007-11-28,3.68,3.77,3.55,3.75,1121100
2007-11-29,3.75,3.81,3.67,3.7,598900
2007-11-30,3.7,3.77,3.62,3.64,923400
2007-12-03,3.64,3.65,3.55,3.59,1040200
2007-12-04,3.55,3.67,3.53,3.62,684400
2007-12-05,3.68,3.85,3.65,3.83,949600
2007-12-06,3.83,3.88,3.75,3.87,844300
2007-12-07,3.89,3.89,3.74,3.74,541800
2007-12-10,3.74,3.81,3.71,3.72,559700
2007-12-11,3.75,3.76,3.59,3.63,906900
2007-12-12,3.73,3.82,3.6,3.67,707600
2007-12-13,3.62,3.76,3.56,3.61,509300
2007-12-14,3.55,3.68,3.5,3.53,650400
2007-12-17,3.51,3.56,3.45,3.45,517000
2007-12-18,3.51,3.51,3.39,3.49,718900
2007-12-19,3.49,3.58,3.42,3.56,913900
2007-12-20,3.57,3.65,3.48,3.61,760500
2007-12-21,3.69,3.75,3.57,3.68,1553500
2007-12-24,3.68,3.69,3.59,3.69,314700
2007-12-26,3.69,3.71,3.65,3.71,609200
2007-12-27,3.67,3.72,3.53,3.53,632200
2007-12-28,3.58,3.58,3.43,3.46,633100
2007-12-31,3.45,3.58,3.36,3.54,1215700
2008-01-02,3.54,3.55,3.35,3.35,1003200
2008-01-03,3.37,3.45,3.26,3.38,934100
2008-01-04,3.39,3.39,3.18,3.21,732000
2008-01-07,3.2,3.25,3.01,3.18,933300
2008-01-08,3.17,3.3,3.04,3.11,1395800
2008-01-09,3.1,3.2,3.06,3.16,814700
2008-01-10,3.13,3.25,3.06,3.24,881100
2008-01-11,3.22,3.22,3.03,3.15,1019300
2008-01-14,3.17,3.19,3.11,3.15,792900
2008-01-15,3.15,3.16,3.04,3.07,784400
2008-01-16,3.06,3.16,3.04,3.12,779000
2008-01-17,3.13,3.16,3.12,3.12,625000
2008-01-18,3.07,3.16,3.07,3.12,802900
2008-01-22,3,3.19,2.8,3.09,739000
2008-01-23,3.01,3.09,2.8,3.09,1424200
2008-01-24,3.05,3.24,3,3.17,2595300
2008-01-25,3.41,3.56,3.39,3.45,2701000
2008-01-28,3.45,3.51,3.39,3.43,1169100
2008-01-29,3.44,3.44,3.25,3.32,1190500
2008-01-30,3.29,3.45,3.24,3.33,1041900
2008-01-31,3.37,3.45,3.29,3.45,1140200
2008-02-01,3.47,3.48,3.33,3.37,1427900
2008-02-04,3.37,3.41,3.26,3.27,1139200
2008-02-05,3.2,3.31,3.13,3.22,786800
2008-02-06,3.25,3.27,3.11,3.13,609000
2008-02-07,3.1,3.18,3.05,3.14,825200
2008-02-08,3.15,3.17,3.06,3.15,598100
2008-02-11,3.14,3.18,3.08,3.11,433400
2008-02-12,3.13,3.15,3.09,3.13,514200
2008-02-13,3.15,3.18,3.12,3.18,784900
2008-02-14,3.18,3.27,3.17,3.22,628900
2008-02-15,3.2,3.23,3.14,3.21,535100
2008-02-19,3.25,3.3,3.2,3.2,309200
2008-02-20,3.2,3.24,3.13,3.2,405700
2008-02-21,3.23,3.28,3.12,3.13,354800
2008-02-22,3.13,3.18,3.04,3.06,604100
2008-02-25,3.07,3.24,3.04,3.21,763800
2008-02-26,3.18,3.23,3.05,3.14,1000700
2008-02-27,3.1,3.21,3.09,3.15,646500
2008-02-28,3.12,3.18,3.02,3.06,1309400
2008-02-29,3.08,3.09,3,3.01,1121900
2008-03-03,3.05,3.08,2.92,3.01,823000
2008-03-04,2.98,3.04,2.92,2.96,886700
2008-03-05,2.98,3.04,2.94,3,704200
2008-03-06,3.03,3.06,2.95,2.95,906900
2008-03-07,2.91,3.02,2.9,3.02,804500
2008-03-10,2.99,3.02,2.84,2.87,918600
2008-03-11,2.92,3.02,2.89,3.02,779500
2008-03-12,3.03,3.11,2.96,3.03,1113800
2008-03-13,3.01,3.09,3,3.01,753300
2008-03-14,3.03,3.04,2.92,3.02,914100
2008-03-17,2.98,3.08,2.95,3.01,1282800
2008-03-18,3.08,3.11,3.04,3.11,1090500
2008-03-19,3.14,3.22,3.1,3.11,940200
2008-03-20,3.19,3.21,3.08,3.15,2118100
2008-03-24,3.16,3.2,3.13,3.17,1000900
2008-03-25,3.18,3.2,3.11,3.16,1248100
2008-03-26,3.14,3.25,3.14,3.25,687900
2008-03-27,3.26,3.28,3.2,3.26,533100
2008-03-28,3.27,3.27,3.1,3.12,444700
2008-03-31,3.13,3.14,3.05,3.1,700900
2008-04-01,3.14,3.28,3.09,3.26,811400
2008-04-02,3.23,3.27,3.18,3.24,591600
2008-04-03,3.22,3.28,3.17,3.23,473500
2008-04-04,3.24,3.25,3.16,3.2,728800
2008-04-07,3.24,3.28,3.17,3.18,420400
2008-04-08,3.16,3.16,3.05,3.16,360100
2008-04-09,3.16,3.17,3.07,3.08,355400
2008-04-10,3.1,3.19,3.1,3.15,279200
2008-04-11,3.1,3.11,3.04,3.07,474500
2008-04-14,3.06,3.06,3,3.01,503500
2008-04-15,3.01,3.04,2.97,3,348500
2008-04-16,3.04,3.1,3.01,3.06,820200
2008-04-17,3.05,3.08,2.99,3.06,392100
2008-04-18,3.1,3.2,3.09,3.18,794500
2008-04-21,3.15,3.19,3.12,3.16,401300
2008-04-22,3.14,3.17,3,3.06,694500
2008-04-23,3.09,3.15,3.03,3.14,773800
2008-04-24,2.9,3.03,2.79,2.98,3423100
2008-04-25,2.96,3.03,2.89,2.95,1161500
2008-04-28,2.95,3.09,2.91,3.02,2000000
2008-04-29,3.02,3.03,3,3.02,900300
2008-04-30,3.02,3.05,2.96,3.03,1981200
2008-05-01,3,3.12,3,3.09,1808200
2008-05-02,3.11,3.17,3.08,3.14,1945000
2008-05-05,3.12,3.14,3.03,3.11,1290000
2008-05-06,3.1,3.13,3.04,3.08,918900
2008-05-07,3.06,3.12,3.03,3.05,707100
2008-05-08,3.06,3.09,3.01,3.06,542100
2008-05-09,3.01,3.08,2.98,3.05,473800
2008-05-12,3.06,3.13,3.01,3.11,628200
2008-05-13,3.11,3.18,3.1,3.17,797200
2008-05-14,3.25,3.25,3.07,3.07,1229900
2008-05-15,3.12,3.27,3.1,3.25,2879000
2008-05-16,3.31,3.6,3.29,3.57,4278600
2008-05-19,3.57,3.57,3.18,3.26,3649400
2008-05-20,3.24,3.36,3.21,3.35,4437500
2008-05-21,3.36,3.39,3.31,3.35,2056800
2008-05-22,3.36,3.42,3.3,3.41,1256700
2008-05-23,3.38,3.38,3.25,3.33,2301000
2008-05-27,3.32,3.41,3.27,3.34,802100
2008-05-28,3.35,3.35,3.24,3.26,672200
2008-05-29,3.26,3.31,3.25,3.26,517300
2008-05-30,3.27,3.28,3.13,3.25,1093500
2008-06-02,3.35,3.35,3.18,3.23,1090600
2008-06-03,3.26,3.3,3.17,3.18,1128300
2008-06-04,3.18,3.26,3.14,3.14,580800
2008-06-05,3.14,3.24,3.14,3.22,603400
2008-06-06,3.18,3.21,3.13,3.19,833900
2008-06-09,3.2,3.31,3.13,3.28,1372100
2008-06-10,3.26,3.32,3.2,3.3,837900
2008-06-11,3.28,3.3,3.18,3.2,851100
2008-06-12,3.21,3.27,3.16,3.2,1011000
2008-06-13,3.23,3.33,3.17,3.32,745100
2008-06-16,3.3,3.31,3.22,3.3,605200
2008-06-17,3.28,3.3,3.18,3.18,782800
2008-06-18,3.18,3.23,3.14,3.17,518600
2008-06-19,3.17,3.26,3.14,3.19,760000
2008-06-20,3.18,3.22,3.07,3.19,1309700
2008-06-23,3.22,3.24,3.12,3.15,478400
2008-06-24,3.16,3.2,3.08,3.08,787600
2008-06-25,3.08,3.17,3.07,3.15,719300
2008-06-26,3.12,3.12,2.97,3.03,710000
2008-06-27,2.99,3.02,2.92,2.94,1766700
2008-06-30,2.94,3,2.84,2.84,1488800
2008-07-01,2.8,2.88,2.72,2.8,1055400
2008-07-02,2.8,2.84,2.5,2.74,2906900
2008-07-03,2.74,2.86,2.69,2.84,490700
2008-07-07,2.86,2.88,2.75,2.77,593100
2008-07-08,2.78,2.79,2.72,2.78,646300
2008-07-09,2.79,2.8,2.7,2.71,576400
2008-07-10,2.7,2.78,2.67,2.7,1137800
2008-07-11,2.67,2.79,2.67,2.78,1109600
2008-07-14,2.8,2.84,2.67,2.76,724300
2008-07-15,2.72,2.79,2.65,2.74,568700
2008-07-16,2.76,2.81,2.68,2.81,678000
2008-07-17,2.83,2.85,2.75,2.83,537800
2008-07-18,2.84,2.84,2.8,2.83,514000
2008-07-21,2.83,2.84,2.78,2.82,199500
2008-07-22,2.98,2.98,2.82,2.9,611400
2008-07-23,2.9,2.95,2.86,2.91,365200
2008-07-24,2.93,2.94,2.88,2.91,391300
2008-07-25,2.94,2.99,2.89,2.93,859200
2008-07-28,2.93,2.95,2.86,2.87,264700
2008-07-29,2.87,3.09,2.82,3.02,655000
2008-07-30,3.04,3.07,2.96,3.03,680400
2008-07-31,2.95,3.05,2.9,2.93,2088100
2008-08-01,3.16,3.17,3.02,3.11,2823600
2008-08-04,3.17,3.2,3.03,3.06,1276700
2008-08-05,3.06,3.18,3.05,3.12,1577600
2008-08-06,3.18,3.18,3.07,3.12,776000
2008-08-07,3.1,3.13,3.07,3.1,1188600
2008-08-08,3.11,3.18,3.11,3.18,1034400
2008-08-11,3.36,3.44,3.35,3.42,2428900
2008-08-12,3.42,3.43,3.37,3.41,1134800
2008-08-13,3.42,3.45,3.4,3.45,1375400
2008-08-14,3.42,3.45,3.42,3.44,1438300
2008-08-15,3.48,3.49,3.4,3.45,1118200
2008-08-18,3.45,3.45,3.42,3.45,908200
2008-08-19,3.43,3.48,3.4,3.43,1403800
2008-08-20,3.43,3.43,3.36,3.36,1686400
2008-08-21,3.36,3.39,3.34,3.35,3013800
2008-08-22,3.37,3.39,3.34,3.39,2110900
2008-08-25,3.38,3.43,3.34,3.41,1795600
2008-08-26,3.4,3.45,3.4,3.45,1011700
2008-08-27,3.45,3.46,3.41,3.46,1359500
2008-08-28,3.46,3.5,3.43,3.49,1250300
2008-08-29,3.41,3.5,3.41,3.5,1041500
2008-09-02,3.5,3.5,3.39,3.43,2948900
2008-09-03,3.46,3.48,3.4,3.46,860000
2008-09-04,3.43,3.45,3.39,3.4,1287100
2008-09-05,3.38,3.42,3.38,3.42,790900
2008-09-08,3.47,3.49,3.29,3.32,1703300
2008-09-09,3.36,3.36,3.24,3.24,1764500
2008-09-10,3.33,3.34,3.25,3.28,745100
2008-09-11,3.28,3.3,3.21,3.29,672200
2008-09-12,3.27,3.32,3.21,3.24,2668500
2008-09-15,3,3.08,2.93,3,1248400
2008-09-16,2.92,3.07,2.86,2.91,929500
2008-09-17,2.87,2.89,2.68,2.7,1076400
2008-09-18,2.78,3.05,2.69,2.91,1878400
2008-09-19,3.08,3.14,2.88,3.05,3735500
2008-09-22,3.01,3.03,2.85,2.87,813300
2008-09-23,2.87,2.93,2.8,2.91,636400
2008-09-24,2.95,3.05,2.91,2.98,2104700
2008-09-25,3.04,3.04,2.93,2.99,534600
2008-09-26,2.94,3.01,2.65,2.77,1441300
2008-09-29,2.74,2.79,2.52,2.57,1223800
2008-09-30,2.61,3.38,2.58,3.37,3009700
2008-10-01,3.16,3.16,2.75,2.77,1624500
2008-10-02,2.78,2.87,2.48,2.59,2430800
2008-10-03,2.64,2.75,2.5,2.5,578100
2008-10-06,2.5,2.62,2.16,2.34,823900
2008-10-07,2.38,2.45,2,2,918000
2008-10-08,1.94,2.11,1.75,1.84,1215100
2008-10-09,1.89,2.14,1.64,1.64,1022700
2008-10-10,1.6,1.78,1.5,1.78,1550900
2008-10-13,1.9,1.99,1.77,1.86,1808300
2008-10-14,1.95,1.95,1.71,1.73,728900
2008-10-15,1.71,1.76,1.45,1.61,771500
2008-10-16,1.6,1.7,1.49,1.63,1058100
2008-10-17,1.63,2.02,1.63,1.86,1007700
2008-10-20,1.88,2.07,1.81,2.07,905900
2008-10-21,2.07,2.14,1.9,2.03,598900
2008-10-22,2.01,2.08,1.91,1.94,567400
2008-10-23,1.94,1.99,1.84,1.96,419800
2008-10-24,1.81,1.98,1.81,1.89,299600
2008-10-27,1.86,1.94,1.8,1.8,220600
2008-10-28,1.86,1.94,1.75,1.93,1071500
2008-10-29,1.94,2.07,1.86,1.9,825100
2008-10-30,1.94,2.07,1.89,2.06,819900
2008-10-31,2.03,2.06,1.66,1.84,1639900
2008-11-03,1.72,1.95,1.72,1.93,489600
2008-11-04,1.96,2.02,1.78,2,663000
2008-11-05,2.14,2.24,2.04,2.05,1164300
2008-11-06,2.03,2.03,1.83,1.92,620500
2008-11-07,1.95,1.98,1.86,1.94,483800
2008-11-10,1.99,1.99,1.85,1.88,434400
2008-11-11,1.87,2.11,1.84,1.98,465200
2008-11-12,1.98,2,1.86,1.86,280600
2008-11-13,1.85,2.13,1.77,2.12,430300
2008-11-14,2.08,2.08,1.84,1.84,273700
2008-11-17,1.83,1.96,1.77,1.89,216500
2008-11-18,1.9,1.93,1.76,1.85,272300
2008-11-19,1.85,1.85,1.65,1.67,197800
2008-11-20,1.65,1.75,1.51,1.51,454500
2008-11-21,1.54,1.71,1.46,1.71,499500
2008-11-24,1.74,1.95,1.7,1.95,601400
2008-11-25,1.98,2,1.71,1.97,471500
2008-11-26,1.91,2.06,1.9,2.06,354000
2008-11-28,2.04,2.1,1.93,2.1,179000
2008-12-01,2.04,2.11,1.72,1.72,421900
2008-12-02,1.76,1.94,1.76,1.9,335000
2008-12-03,1.86,2.02,1.81,1.97,241400
2008-12-04,1.94,2.07,1.81,1.85,344500
2008-12-05,1.83,2.03,1.8,2.03,394800
2008-12-08,2.08,2.17,1.99,2.15,445800
2008-12-09,2.12,2.48,2.09,2.21,569300
2008-12-10,2.24,2.44,2.14,2.22,277600
2008-12-11,2.17,2.25,1.95,1.95,236700
2008-12-12,1.91,2.03,1.9,2.02,234800
2008-12-15,1.98,2.12,1.95,2,227700
2008-12-16,1.99,2.08,1.98,2.02,1010000
2008-12-17,2,2.12,1.98,2.09,641700
2008-12-18,2.09,2.18,2.07,2.17,280700
2008-12-19,2.21,2.28,2.11,2.28,864400
2008-12-22,2.28,2.28,2.1,2.2,461100
2008-12-23,2.22,2.22,2.03,2.08,337300
2008-12-24,2.09,2.12,2.03,2.06,120600
2008-12-26,2.06,2.06,1.98,2.03,163800
2008-12-29,2.02,2.09,1.99,2.05,230100
2008-12-30,2.07,2.2,2.07,2.17,400300
2008-12-31,2.18,2.35,2.15,2.34,575900
2009-01-02,2.35,2.4,2.25,2.36,195300
2009-01-05,2.37,2.37,2.14,2.15,485700
2009-01-06,2.18,2.22,2.14,2.18,431600
2009-01-07,2.15,2.2,2.05,2.06,301700
2009-01-08,2.06,2.21,1.99,2.2,397100
2009-01-09,2.2,2.2,2.02,2.03,317900
2009-01-12,2.04,2.07,1.95,1.95,296900
2009-01-13,1.95,2.02,1.94,1.98,164400
2009-01-14,1.95,1.98,1.74,1.74,241200
2009-01-15,1.74,1.8,1.65,1.79,284700
2009-01-16,1.81,1.83,1.68,1.81,190700
2009-01-20,1.78,1.78,1.66,1.66,280300
2009-01-21,1.68,1.76,1.6,1.75,236800
2009-01-22,1.7,1.72,1.58,1.58,312400
2009-01-23,1.59,1.63,1.51,1.56,155200
2009-01-26,1.57,1.65,1.56,1.64,176300
2009-01-27,1.65,1.7,1.64,1.69,110700
2009-01-28,1.72,1.87,1.68,1.87,305500
2009-01-29,1.89,1.95,1.73,1.91,337100
2009-01-30,1.93,1.94,1.77,1.77,359900
2009-02-02,1.75,1.97,1.73,1.87,344700
2009-02-03,1.88,1.94,1.79,1.93,309200
2009-02-04,1.92,2.01,1.78,1.89,451600
2009-02-05,1.87,2.05,1.87,2.03,283300
2009-02-06,2.09,2.17,2.03,2.16,441200
2009-02-09,2.14,2.16,2.08,2.14,428800
2009-02-10,2.12,2.13,1.93,1.93,225000
2009-02-11,1.94,2.01,1.89,1.91,125500
2009-02-12,1.89,1.94,1.86,1.92,133200
2009-02-13,1.92,2,1.9,1.98,143400
2009-02-17,1.93,1.94,1.83,1.83,195600
2009-02-18,1.85,1.85,1.76,1.76,241200
2009-02-19,1.79,1.83,1.65,1.65,147600
2009-02-20,1.63,1.68,1.56,1.6,242200
2009-02-23,1.61,1.63,1.48,1.48,287600
2009-02-24,1.5,1.7,1.5,1.68,262300
2009-02-25,1.67,1.67,1.54,1.62,179000
2009-02-26,1.63,1.66,1.48,1.48,141000
2009-02-27,1.46,1.62,1.4,1.42,987200
2009-03-02,1.42,1.54,1.42,1.43,493200
2009-03-03,1.46,1.47,1.38,1.42,244000
2009-03-04,1.44,1.55,1.39,1.41,268600
2009-03-05,1.37,1.43,1.17,1.19,352400
2009-03-06,1.24,1.25,1.21,1.23,284100
2009-03-09,1.22,1.25,1.06,1.06,370000
2009-03-10,1.1,1.24,1.1,1.24,356800
2009-03-11,1.24,1.32,1.24,1.26,217300
2009-03-12,1.26,1.47,1.25,1.45,487500
2009-03-13,1.45,1.5,1.38,1.48,429200
2009-03-16,1.5,1.51,1.42,1.5,151800
2009-03-17,1.5,1.7,1.47,1.7,200100
2009-03-18,1.7,1.75,1.38,1.54,498900
2009-03-19,1.56,1.65,1.54,1.65,268700
2009-03-20,1.67,1.67,1.52,1.59,696800
2009-03-23,1.63,1.7,1.5,1.7,456300
2009-03-24,1.67,1.7,1.55,1.58,170800
2009-03-25,1.58,1.7,1.48,1.6,355600
2009-03-26,1.63,1.7,1.58,1.7,404800
2009-03-27,1.7,1.7,1.61,1.63,243800
2009-03-30,1.6,1.6,1.51,1.57,175500
2009-03-31,1.6,1.64,1.51,1.52,363600
2009-04-01,1.49,1.59,1.46,1.59,187500
2009-04-02,1.64,1.82,1.64,1.81,440200
2009-04-03,1.81,1.87,1.65,1.85,189900
2009-04-06,1.83,1.85,1.74,1.83,198100
2009-04-07,1.75,1.85,1.75,1.75,204000
2009-04-08,1.76,1.79,1.73,1.78,113000
2009-04-09,1.83,1.87,1.78,1.83,231500
2009-04-13,1.83,1.9,1.78,1.9,154900
2009-04-14,1.89,1.92,1.8,1.8,226900
2009-04-15,1.79,1.91,1.77,1.91,72600
2009-04-16,1.9,1.99,1.89,1.98,134500
2009-04-17,1.99,1.99,1.91,1.97,148300
2009-04-20,1.92,1.92,1.76,1.76,210200
2009-04-21,1.76,1.9,1.76,1.88,171200
2009-04-22,1.84,1.92,1.8,1.9,158100
2009-04-23,1.9,1.91,1.75,1.78,314900
2009-04-24,1.79,1.86,1.75,1.85,264000
2009-04-27,1.8,1.8,1.67,1.69,328700
2009-04-28,1.68,1.74,1.64,1.66,204800
2009-04-29,1.67,1.8,1.67,1.79,239100
2009-04-30,1.8,1.82,1.72,1.76,383900
2009-05-01,1.72,1.77,1.71,1.74,173500
2009-05-04,1.75,1.8,1.73,1.8,217800
2009-05-05,1.79,1.81,1.69,1.71,272000
2009-05-06,1.74,1.79,1.74,1.77,205800
2009-05-07,1.78,1.8,1.68,1.74,282500
2009-05-08,1.78,1.79,1.68,1.77,148600
2009-05-11,1.73,1.75,1.69,1.71,133400
2009-05-12,1.72,1.75,1.66,1.68,143500
2009-05-13,1.66,1.67,1.58,1.58,223000
2009-05-14,1.57,1.67,1.57,1.62,229600
2009-05-15,1.67,1.67,1.58,1.61,207400
2009-05-18,1.63,1.78,1.63,1.78,339200
2009-05-19,1.81,1.82,1.65,1.65,358400
2009-05-20,1.67,1.75,1.64,1.65,282700
2009-05-21,1.62,1.7,1.62,1.67,207600
2009-05-22,1.68,1.75,1.68,1.7,126900
2009-05-26,1.68,1.76,1.68,1.76,278900
2009-05-27,1.75,1.77,1.67,1.67,249000
2009-05-28,1.69,1.71,1.63,1.65,311900
2009-05-29,1.6,1.67,1.6,1.65,623300
2009-06-01,1.72,1.75,1.7,1.75,289900
2009-06-02,1.73,1.83,1.73,1.82,480300
2009-06-03,1.86,1.89,1.8,1.85,270100
2009-06-04,1.88,1.9,1.83,1.85,271300
2009-06-05,1.88,1.88,1.81,1.84,140300
2009-06-08,1.76,1.83,1.69,1.69,442800
2009-06-09,1.71,1.73,1.66,1.66,673800
2009-06-10,1.68,1.72,1.6,1.61,518900
2009-06-11,1.64,1.74,1.63,1.71,3341400
2009-06-12,1.75,1.75,1.64,1.74,2541900
2009-06-15,1.74,1.75,1.66,1.75,812400
2009-06-16,1.78,1.9,1.73,1.88,821800
2009-06-17,1.84,1.98,1.81,1.89,993400
2009-06-18,1.92,1.92,1.85,1.88,207500
2009-06-19,1.92,1.95,1.75,1.79,1068200
2009-06-22,1.77,1.78,1.65,1.67,520300
2009-06-23,1.68,1.74,1.68,1.73,266600
2009-06-24,1.76,1.8,1.7,1.78,412500
2009-06-25,1.76,1.86,1.76,1.86,364200
2009-06-26,1.84,2.23,1.77,2.03,1508900
2009-06-29,2,2.1,1.93,1.95,630100
2009-06-30,1.96,2.11,1.96,2,499700
2009-07-01,2.03,2.12,2.02,2.09,243700
2009-07-02,2.05,2.05,1.91,1.94,407200
2009-07-06,1.94,2,1.91,1.99,314800
2009-07-07,1.98,2.03,1.96,2,313100
2009-07-08,2.02,2.02,1.86,1.92,401800
2009-07-09,1.94,2.01,1.89,1.93,310000
2009-07-10,1.96,2,1.93,1.96,121400
2009-07-13,1.98,2.09,1.96,2.07,380400
2009-07-14,2.1,2.1,1.97,2.04,463000
2009-07-15,2.07,2.13,2.06,2.13,481500
2009-07-16,2.1,2.17,2.07,2.15,237100
2009-07-17,2.16,2.16,1.99,2,617700
2009-07-20,2.09,2.1,1.98,1.98,1331700
2009-07-21,2.23,2.23,1.97,1.98,852000
2009-07-22,2.03,2.1,2,2.09,658100
2009-07-23,2.08,2.3,2.07,2.24,1209100
2009-07-24,2.24,2.39,2.19,2.35,419500
2009-07-27,2.34,2.36,2.23,2.3,271600
2009-07-28,2.23,2.31,2.2,2.3,222400
2009-07-29,2.27,2.31,2.22,2.25,108400
2009-07-30,2.28,2.39,2.26,2.3,423900
2009-07-31,2.29,2.4,2.21,2.27,694500
2009-08-03,2.27,2.32,2.22,2.32,337300
2009-08-04,2.29,2.34,2.21,2.3,193500
2009-08-05,2.29,2.3,2.23,2.25,346900
2009-08-06,2.26,2.27,2.24,2.25,250100
2009-08-07,2.3,2.44,2.25,2.42,715200
2009-08-10,2.41,2.43,2.36,2.4,299100
2009-08-11,2.39,2.4,2.28,2.33,154800
2009-08-12,2.33,2.5,2.31,2.46,430200
2009-08-13,2.42,2.74,2.42,2.67,481100
2009-08-14,2.67,2.7,2.55,2.61,351900
2009-08-17,2.56,2.58,2.5,2.52,380800
2009-08-18,2.55,2.6,2.5,2.53,210500
2009-08-19,2.47,2.64,2.47,2.53,331300
2009-08-20,2.56,2.56,2.49,2.55,262200
2009-08-21,2.62,2.7,2.59,2.68,565400
2009-08-24,2.7,2.74,2.58,2.68,284700
2009-08-25,2.66,2.72,2.58,2.61,395600
2009-08-26,2.61,2.69,2.46,2.69,420000
2009-08-27,2.65,2.68,2.58,2.6,219700
2009-08-28,2.64,2.64,2.5,2.51,298000
2009-08-31,2.5,2.56,2.42,2.43,446900
2009-09-01,2.41,2.43,2.28,2.35,390000
2009-09-02,2.33,2.4,2.31,2.37,216000
2009-09-03,2.37,2.41,2.34,2.38,245100
2009-09-04,2.37,2.44,2.32,2.39,380600
2009-09-08,2.46,2.49,2.4,2.47,191500
2009-09-09,2.48,2.64,2.47,2.61,671500
2009-09-10,2.6,2.67,2.57,2.67,262800
2009-09-11,2.68,2.75,2.59,2.63,278100
2009-09-14,2.6,2.62,2.55,2.6,189700
2009-09-15,2.6,2.71,2.6,2.69,296800
2009-09-16,2.71,2.96,2.71,2.88,861400
2009-09-17,2.86,2.92,2.77,2.86,207600
2009-09-18,2.87,3.09,2.84,3,866200
2009-09-21,2.99,3.01,2.9,3,283500
2009-09-22,3.04,3.13,3.04,3.06,239400
2009-09-23,3.08,3.13,3,3.02,187400
2009-09-24,3.02,3.07,2.98,3.04,336000
2009-09-25,2.98,3.06,2.87,2.88,369200
2009-09-28,2.89,3.05,2.87,2.98,488200
2009-09-29,2.99,3.02,2.91,2.91,165600
2009-09-30,2.93,2.95,2.8,2.8,409500
2009-10-01,2.84,2.87,2.73,2.74,371400
2009-10-02,2.69,2.76,2.6,2.6,365400
2009-10-05,2.69,2.88,2.67,2.87,741900
2009-10-06,2.44,2.59,2.38,2.5,2210500
2009-10-07,2.51,2.55,2.44,2.51,714100
2009-10-08,2.54,2.66,2.52,2.64,784000
2009-10-09,2.67,2.81,2.62,2.71,615800
2009-10-12,2.66,2.73,2.64,2.71,471000
2009-10-13,2.7,2.71,2.63,2.68,504100
2009-10-14,2.7,2.75,2.65,2.68,421000
2009-10-15,2.66,2.66,2.56,2.6,681700
2009-10-16,2.59,2.62,2.51,2.52,342800
2009-10-19,2.54,2.61,2.47,2.49,325800
2009-10-20,2.5,2.53,2.31,2.4,599000
2009-10-21,2.4,2.45,2.25,2.28,623000
2009-10-22,2.27,2.33,2.21,2.28,389200
2009-10-23,2.45,2.45,2.27,2.3,549300
2009-10-26,2.31,2.38,2.25,2.26,435200
2009-10-27,2.15,2.32,1.96,2.2,1374900
2009-10-28,2.18,2.26,2.09,2.09,457900
2009-10-29,2.15,2.17,2.1,2.1,427200
2009-10-30,2.24,2.24,1.98,1.99,712300
2009-11-02,1.97,2.07,1.96,2.02,465700
2009-11-03,2,2.1,1.97,2.1,429700
2009-11-04,2.11,2.15,2.05,2.08,435800
2009-11-05,2.11,2.2,2.08,2.19,511900
2009-11-06,2.15,2.15,2.09,2.1,188000
2009-11-09,2.12,2.12,2.07,2.08,403400
2009-11-10,2.06,2.09,2.04,2.05,235800
2009-11-11,2.07,2.07,2.04,2.04,521800
2009-11-12,2.06,2.19,2.06,2.09,1011900
2009-11-13,2.09,2.45,2.09,2.29,785600
2009-11-16,2.31,2.38,2.28,2.29,403400
2009-11-17,2.28,2.34,2.15,2.3,345800
2009-11-18,2.29,2.37,2.24,2.33,359700
2009-11-19,2.3,2.31,2.21,2.23,570500
2009-11-20,2.2,2.29,2.2,2.24,523900
2009-11-23,2.28,2.38,2.28,2.31,479500
2009-11-24,2.3,2.32,2.26,2.3,427200
2009-11-25,2.33,2.33,2.2,2.22,401700
2009-11-27,2.11,2.22,2.11,2.13,228400
2009-11-30,2.18,2.19,2.1,2.18,485800
2009-12-01,2.21,2.31,2.17,2.28,459800
2009-12-02,2.29,2.35,2.22,2.32,519900
2009-12-03,2.33,2.4,2.31,2.35,352500
2009-12-04,2.38,2.41,2.31,2.41,242200
2009-12-07,2.4,2.48,2.38,2.43,356800
2009-12-08,2.41,2.55,2.32,2.43,1011400
2009-12-09,2.44,2.5,2.35,2.48,264800
2009-12-10,2.49,2.5,2.36,2.39,184600
2009-12-11,2.41,2.41,2.35,2.39,81300
2009-12-14,2.4,2.43,2.39,2.41,154400
2009-12-15,2.4,2.49,2.4,2.4,300800
2009-12-16,2.42,2.43,2.37,2.39,164200
2009-12-17,2.38,2.44,2.36,2.42,229400
2009-12-18,2.45,2.58,2.43,2.56,1110800
2009-12-21,2.57,2.68,2.51,2.63,450000
2009-12-22,2.63,2.8,2.63,2.75,429400
2009-12-23,2.77,2.85,2.74,2.82,294200
2009-12-24,2.84,2.92,2.79,2.87,177700
2009-12-28,2.88,3,2.83,2.92,796300
2009-12-29,2.94,2.94,2.85,2.91,159700
2009-12-30,2.9,2.92,2.79,2.85,462900
2009-12-31,2.86,2.95,2.77,2.87,439200
2010-01-04,2.91,2.93,2.81,2.9,275400
2010-01-05,2.89,2.91,2.78,2.8,287700
2010-01-06,2.79,2.86,2.67,2.68,408300
2010-01-07,2.68,2.76,2.65,2.75,495900
2010-01-08,2.75,2.84,2.73,2.82,274700
2010-01-11,2.8,2.83,2.7,2.77,475200
2010-01-12,2.74,2.8,2.69,2.77,405700
2010-01-13,2.79,2.85,2.67,2.77,267300
2010-01-14,2.76,2.83,2.67,2.74,126100
2010-01-15,2.78,2.83,2.65,2.68,669500
2010-01-19,2.7,2.76,2.67,2.71,295000
2010-01-20,2.69,2.72,2.65,2.67,268000
2010-01-21,2.67,2.71,2.38,2.5,1081200
2010-01-22,2.5,2.53,2.4,2.5,626400
2010-01-25,2.52,2.52,2.5,2.5,228500
2010-01-26,2.5,2.57,2.5,2.54,309000
2010-01-27,2.52,2.57,2.5,2.55,285800
2010-01-28,2.56,2.56,2.46,2.48,334200
2010-01-29,2.49,2.54,2.46,2.47,367700
2010-02-01,2.49,2.58,2.46,2.54,462100
2010-02-02,2.8,2.85,2.68,2.78,1037600
2010-02-03,2.75,2.8,2.65,2.69,285900
2010-02-04,2.66,2.68,2.53,2.55,451300
2010-02-05,2.45,2.62,2.44,2.57,259100
2010-02-08,2.56,2.62,2.54,2.54,183800
2010-02-09,2.59,2.61,2.54,2.61,404800
2010-02-10,2.59,2.66,2.58,2.65,226400
2010-02-11,2.63,2.74,2.58,2.74,275800
2010-02-12,2.71,2.73,2.63,2.71,290200
2010-02-16,2.73,2.74,2.65,2.7,211900
2010-02-17,2.72,2.75,2.67,2.69,173600
2010-02-18,2.69,2.74,2.65,2.68,158900
2010-02-19,2.7,2.79,2.65,2.76,307800
2010-02-22,2.76,2.77,2.66,2.68,239900
2010-02-23,2.67,2.72,2.62,2.67,323000
2010-02-24,2.67,2.75,2.67,2.71,177100
2010-02-25,2.67,2.75,2.62,2.71,467100
2010-02-26,2.7,2.76,2.7,2.75,361500
2010-03-01,2.77,2.85,2.66,2.83,489500
2010-03-02,2.83,3.01,2.8,2.84,1217600
2010-03-03,3.01,3.01,2.86,2.9,426000
2010-03-04,2.92,3.09,2.91,3.07,1060700
2010-03-05,3.09,3.3,3.08,3.3,866100
2010-03-08,3.32,3.5,3.32,3.39,1436800
2010-03-09,3.38,3.39,3.15,3.21,527600
2010-03-10,3.26,3.3,3.15,3.16,313900
2010-03-11,3.15,3.19,3.09,3.16,223900
2010-03-12,3.19,3.23,2.75,2.97,5477600
2010-03-15,2.97,3.03,2.9,3.03,617100
2010-03-16,3.04,3.07,2.94,2.96,493800
2010-03-17,2.93,3.1,2.9,3.03,1332700
2010-03-18,3.06,3.06,2.99,2.99,251200
2010-03-19,3.01,3.13,2.86,3,1016200
2010-03-22,2.99,3.08,2.95,3.03,589900
2010-03-23,3.02,3.05,2.98,3.03,301200
2010-03-24,3.02,3.03,2.96,2.97,303800
2010-03-25,3,3,2.96,2.97,411000
2010-03-26,2.95,3,2.9,2.94,404300
2010-03-29,2.94,3,2.91,2.99,320900
2010-03-30,3.01,3.02,2.98,3.02,281500
2010-03-31,3,3.08,2.95,3.07,847100
2010-04-01,3.08,3.13,3.06,3.1,607400
2010-04-05,3.1,3.27,3.02,3.19,650600
2010-04-06,3.16,3.35,3.1,3.32,588800
2010-04-07,3.3,3.45,3.26,3.43,939200
2010-04-08,3.4,3.48,3.32,3.44,537400
2010-04-09,3.43,3.46,3.34,3.38,320600
2010-04-12,3.35,3.5,3.31,3.37,542600
2010-04-13,3.36,3.4,3.34,3.38,334300
2010-04-14,3.39,3.51,3.38,3.49,546400
2010-04-15,3.5,3.6,3.5,3.56,548500
2010-04-16,3.56,3.58,3.36,3.45,529000
2010-04-19,3.45,3.65,3.44,3.64,603400
2010-04-20,3.62,3.73,3.62,3.68,460100
2010-04-21,3.67,3.71,3.59,3.65,211300
2010-04-22,3.6,3.63,3.52,3.59,459900
2010-04-23,3.6,3.61,3.5,3.6,494300
2010-04-26,3.59,3.59,3.46,3.52,785900
2010-04-27,3.74,3.79,3.5,3.5,1154000
2010-04-28,3.54,3.62,3.54,3.58,448700
2010-04-29,3.59,3.63,3.54,3.58,765000
2010-04-30,3.57,3.57,3.33,3.33,562600
2010-05-03,3.37,3.62,3.32,3.59,1205200
2010-05-04,3.51,3.58,3.37,3.39,882200
2010-05-05,3.36,3.58,3.34,3.46,600500
2010-05-06,3.47,3.52,2.9,3.14,820900
2010-05-07,3.19,3.21,2.84,2.99,1133300
2010-05-10,3.12,3.19,3.06,3.18,1089100
2010-05-11,3.12,3.26,3.04,3.22,509100
2010-05-12,3.23,3.24,3.05,3.09,1184500
2010-05-13,3.07,3.12,2.97,3.03,793300
2010-05-14,2.99,3,2.9,2.95,635900
2010-05-17,2.97,3.03,2.78,2.93,1013300
2010-05-18,2.99,2.99,2.86,2.91,564700
2010-05-19,2.89,2.93,2.79,2.89,666200
2010-05-20,2.81,2.83,2.75,2.81,744200
2010-05-21,2.75,2.83,2.74,2.79,562900
2010-05-24,2.79,2.93,2.74,2.85,642800
2010-05-25,2.76,2.83,2.68,2.81,708700
2010-05-26,2.83,2.91,2.75,2.78,698200
2010-05-27,2.85,2.93,2.79,2.93,410100
2010-05-28,2.93,2.93,2.81,2.86,292200
2010-06-01,2.82,2.91,2.75,2.75,562400
2010-06-02,2.76,2.87,2.74,2.86,439000
2010-06-03,2.85,2.94,2.81,2.91,241200
2010-06-04,2.81,2.88,2.75,2.77,446600
2010-06-07,2.8,2.82,2.69,2.71,429200
2010-06-08,2.7,2.76,2.58,2.63,601400
2010-06-09,2.67,2.68,2.53,2.57,373200
2010-06-10,2.63,2.66,2.53,2.66,623800
2010-06-11,2.63,2.69,2.58,2.64,425000
2010-06-14,2.68,2.73,2.62,2.64,310300
2010-06-15,2.68,2.89,2.62,2.86,686800
2010-06-16,2.84,2.84,2.74,2.77,286400
2010-06-17,2.77,2.99,2.76,2.99,686300
2010-06-18,3,3.16,2.92,2.97,934500
2010-06-21,3,3.05,2.84,2.86,341200
2010-06-22,3.01,3.02,2.79,2.81,435700
2010-06-23,2.81,2.93,2.76,2.79,383000
2010-06-24,2.76,2.84,2.74,2.76,213700
2010-06-25,2.78,2.88,2.66,2.82,1904900
2010-06-28,2.87,2.99,2.81,2.95,301900
2010-06-29,2.83,2.83,2.6,2.67,885200
2010-06-30,2.68,2.76,2.67,2.7,446700
2010-07-01,2.7,2.92,2.61,2.72,622200
2010-07-02,2.76,2.76,2.58,2.62,489600
2010-07-06,2.71,2.91,2.57,2.6,356600
2010-07-07,2.62,2.67,2.57,2.65,449500
2010-07-08,2.69,2.7,2.6,2.65,300900
2010-07-09,2.63,2.66,2.62,2.64,205300
2010-07-12,2.62,2.65,2.58,2.59,151600
2010-07-13,2.64,2.86,2.64,2.84,851100
2010-07-14,2.83,2.95,2.76,2.84,492300
2010-07-15,2.84,2.89,2.74,2.88,371800
2010-07-16,2.83,2.87,2.71,2.77,467500
2010-07-19,2.79,2.8,2.68,2.69,347300
2010-07-20,2.66,2.75,2.65,2.71,384900
2010-07-21,2.74,2.85,2.72,2.81,478400
2010-07-22,2.87,2.88,2.76,2.78,501100
2010-07-23,2.76,2.95,2.75,2.91,444200
2010-07-26,2.91,3.05,2.86,3.01,649400
2010-07-27,3.05,3.07,2.92,2.92,481100
2010-07-28,2.92,3.07,2.89,2.91,381000
2010-07-29,2.93,3,2.82,2.96,231000
2010-07-30,2.91,2.99,2.84,2.86,240700
2010-08-02,2.93,3,2.84,2.98,316300
2010-08-03,2.9,3.04,2.83,2.99,494800
2010-08-04,3,3.07,2.99,3.03,562300
2010-08-05,2.98,3.08,2.96,3,342200
2010-08-06,2.93,2.99,2.83,2.91,385700
2010-08-09,2.93,2.99,2.88,2.98,276400
2010-08-10,2.93,2.96,2.84,2.86,259000
2010-08-11,2.8,2.81,2.7,2.72,601000
2010-08-12,2.67,2.7,2.64,2.69,418300
2010-08-13,2.67,2.68,2.61,2.66,688600
2010-08-16,2.63,2.69,2.6,2.68,487200
2010-08-17,2.71,2.72,2.65,2.67,415300
2010-08-18,2.67,2.85,2.67,2.77,596700
2010-08-19,2.75,2.82,2.64,2.66,541300
2010-08-20,2.65,2.68,2.61,2.64,501100
2010-08-23,2.66,2.71,2.6,2.6,355800
2010-08-24,2.59,2.7,2.54,2.55,674500
2010-08-25,2.54,2.77,2.54,2.77,485200
2010-08-26,2.78,2.87,2.65,2.73,829900
2010-08-27,2.76,2.92,2.67,2.91,1081800
2010-08-30,2.88,2.93,2.74,2.74,533900
2010-08-31,2.75,2.82,2.72,2.76,537700
2010-09-01,2.8,2.88,2.74,2.79,463000
2010-09-02,2.77,2.85,2.75,2.85,188300
2010-09-03,2.89,2.91,2.86,2.91,294100
2010-09-07,2.9,2.9,2.76,2.79,286500
2010-09-08,2.81,3.03,2.81,3.01,1121700
2010-09-09,3.07,3.09,3.02,3.07,460000
2010-09-10,3.09,3.09,2.9,2.9,401700
2010-09-13,2.94,3.04,2.93,3.02,360500
2010-09-14,3.02,3.09,2.96,3.08,453800
2010-09-15,3.05,3.22,3.03,3.21,552400
2010-09-16,3.2,3.2,3.12,3.17,285500
2010-09-17,3.22,3.23,3.12,3.15,533500
2010-09-20,3.18,3.29,3.12,3.26,820100
2010-09-21,3.26,3.26,3.11,3.11,699100
2010-09-22,3.09,3.17,3.01,3.05,332500
2010-09-23,3.01,3.1,3.01,3.04,310400
2010-09-24,3.1,3.11,3.05,3.1,585700
2010-09-27,3.09,3.11,3,3.11,290000
2010-09-28,3.12,3.12,3.01,3.1,271000
2010-09-29,3.08,3.1,3,3.09,304200
2010-09-30,3.11,3.18,3.02,3.11,536700
2010-10-01,3.14,3.16,3.04,3.07,199200
2010-10-04,3.07,3.12,2.99,2.99,391600
2010-10-05,3.04,3.16,3.04,3.15,390900
2010-10-06,3.13,3.13,3.02,3.05,436700
2010-10-07,3.08,3.1,3,3.02,282800
2010-10-08,3.01,3.14,3,3.12,366100
2010-10-11,3.11,3.15,3.09,3.09,206000
2010-10-12,3.08,3.14,3.06,3.11,238400
2010-10-13,3.14,3.24,3.12,3.21,401500
2010-10-14,3.21,3.3,3.21,3.25,423400
2010-10-15,3.3,3.3,3.09,3.11,794100
2010-10-18,3.12,3.17,3.11,3.15,212100
2010-10-19,3.1,3.14,3.05,3.07,283100
2010-10-20,3.1,3.1,2.98,3.02,725500
2010-10-21,3.05,3.07,2.93,2.97,511800
2010-10-22,3,3.05,2.97,3.02,552700
2010-10-25,3.05,3.13,3.03,3.09,220200
2010-10-26,3.08,3.08,3.04,3.07,259700
2010-10-27,3.05,3.17,3.03,3.16,415500
2010-10-28,3.19,3.21,3.1,3.15,220700
2010-10-29,3.15,3.2,3.14,3.19,403500
2010-11-01,3.19,3.21,3.14,3.16,514500
2010-11-02,3.21,3.21,2.98,3.04,1066600
2010-11-03,3.04,3.09,3,3.03,258200
2010-11-04,3.05,3.12,3.05,3.07,421200
2010-11-05,3.05,3.07,2.99,3.03,561600
2010-11-08,2.99,3.03,2.93,2.95,475800
2010-11-09,2.97,2.98,2.92,2.94,666000
2010-11-10,2.97,2.99,2.92,2.97,552300
2010-11-11,2.95,2.98,2.9,2.92,685100
2010-11-12,2.9,2.95,2.87,2.91,234300
2010-11-15,2.94,2.97,2.9,2.96,376300
2010-11-16,2.93,2.94,2.88,2.9,495500
2010-11-17,2.92,2.92,2.8,2.83,284000
2010-11-18,2.88,2.9,2.82,2.89,231800
2010-11-19,2.87,2.97,2.85,2.88,219800
2010-11-22,2.86,2.96,2.81,2.85,261900
2010-11-23,2.81,2.83,2.77,2.82,173000
2010-11-24,2.84,3.03,2.83,3.02,623200
2010-11-26,3,3.02,2.93,2.94,262100
2010-11-29,2.94,3,2.91,2.99,149200
2010-11-30,2.95,2.97,2.9,2.93,429500
2010-12-01,2.98,3.07,2.78,2.89,724400
2010-12-02,2.86,2.89,2.82,2.87,386700
2010-12-03,2.84,2.85,2.81,2.82,292000
2010-12-06,2.83,2.9,2.83,2.9,342000
2010-12-07,2.93,2.98,2.88,2.91,375800
2010-12-08,2.92,2.95,2.89,2.89,303200
2010-12-09,2.92,2.98,2.91,2.97,438600
2010-12-10,2.98,3.05,2.93,3.04,529400
2010-12-13,3.04,3.11,2.99,3.02,381900
2010-12-14,3.04,3.05,3.01,3.03,234300
2010-12-15,3.04,3.06,3.01,3.02,407600
2010-12-16,3.03,3.14,3,3.11,388700
2010-12-17,3.1,3.17,3.1,3.15,874200
2010-12-20,3.15,3.17,3.05,3.16,415300
2010-12-21,3.16,3.19,3.11,3.12,406900
2010-12-22,3.11,3.15,3.1,3.14,109100
2010-12-23,3.15,3.15,3.06,3.12,150200
2010-12-27,3.1,3.2,3.02,3.2,279100
2010-12-28,3.2,3.23,3.14,3.22,400000
2010-12-29,3.22,3.24,3.18,3.2,378700
2010-12-30,3.19,3.2,3.11,3.12,136700
2010-12-31,3.1,3.13,3.05,3.09,265900
2011-01-03,3.11,3.32,3.11,3.28,546200
2011-01-04,3.3,3.33,3.11,3.21,433000
2011-01-05,3.18,3.22,3.12,3.2,156300
2011-01-06,3.19,3.21,3.16,3.21,201700
2011-01-07,3.21,3.25,3.15,3.24,168400
2011-01-10,3.21,3.28,3.17,3.26,574300
2011-01-11,3.26,3.51,3.25,3.44,720700
2011-01-12,3.51,3.52,3.4,3.46,643200
2011-01-13,3.47,3.48,3.39,3.4,229900
2011-01-14,3.4,3.43,3.31,3.38,319200
2011-01-18,3.41,3.5,3.39,3.48,685500
2011-01-19,3.49,3.5,3.38,3.4,529100
2011-01-20,3.37,3.37,3.2,3.28,539700
2011-01-21,3.3,3.33,3.25,3.26,306000
2011-01-24,3.25,3.41,3.23,3.4,380200
2011-01-25,3.37,3.38,3.25,3.31,344400
2011-01-26,3.33,3.45,3.26,3.41,281200
2011-01-27,3.42,3.44,3.34,3.43,212000
2011-01-28,3.41,3.44,3.23,3.24,461200
2011-01-31,3.24,3.31,3.19,3.28,347800
2011-02-01,3.28,3.7,3.28,3.67,1198400
2011-02-02,3.69,3.72,3.53,3.68,621600
2011-02-03,3.54,3.71,3.5,3.57,758400
2011-02-04,3.55,3.87,3.52,3.85,911900
2011-02-07,3.85,4.04,3.8,3.95,1595700
2011-02-08,3.95,4.01,3.88,4.01,719000
2011-02-09,4.1,4.25,3.95,3.99,929800
2011-02-10,3.94,4,3.86,3.99,397100
2011-02-11,3.96,4.05,3.96,3.99,976000
2011-02-14,4.01,4.01,3.95,4,474900
2011-02-15,4,4,3.93,3.95,279000
2011-02-16,3.95,3.98,3.86,3.98,510900
2011-02-17,3.98,4.02,3.95,4,454500
2011-02-18,4,4.08,3.97,4.06,753700
2011-02-22,3.99,3.99,3.73,3.75,851900
2011-02-23,3.76,3.76,3.61,3.65,754400
2011-02-24,3.62,3.79,3.6,3.7,670300
2011-02-25,3.74,3.82,3.69,3.79,981600
2011-02-28,4,4,3.87,3.92,1049000
2011-03-01,3.95,3.99,3.66,3.7,1250600
2011-03-02,3.7,3.73,3.55,3.67,712000
2011-03-03,3.7,3.85,3.7,3.81,1005100
2011-03-04,3.82,3.82,3.73,3.79,528400
2011-03-07,3.79,3.81,3.58,3.74,1251400
2011-03-08,3.74,3.9,3.71,3.81,501600
2011-03-09,3.79,3.84,3.7,3.77,558200
2011-03-10,3.67,3.73,3.51,3.58,945300
2011-03-11,3.57,3.59,3.45,3.55,374600
2011-03-14,3.49,3.58,3.45,3.45,358600
2011-03-15,3.37,3.44,3.33,3.4,368300
2011-03-16,3.38,3.4,3.28,3.31,531600
2011-03-17,3.38,3.43,3.28,3.38,927100
2011-03-18,3.43,3.43,3.3,3.33,868200
2011-03-21,3.41,3.56,3.41,3.48,374200
2011-03-22,3.46,3.55,3.35,3.4,457000
2011-03-23,3.38,3.53,3.38,3.52,331800
2011-03-24,3.55,3.56,3.42,3.45,224600
2011-03-25,3.48,3.59,3.4,3.51,549900
2011-03-28,3.54,3.54,3.45,3.47,287600
2011-03-29,3.48,3.5,3.39,3.4,513000
2011-03-30,3.43,3.47,3.38,3.44,462700
2011-03-31,3.44,3.5,3.42,3.5,331000
2011-04-01,3.5,3.51,3.4,3.41,400000
2011-04-04,3.41,3.5,3.28,3.5,1291300
2011-04-05,3.62,3.67,3.36,3.37,1339100
2011-04-06,3.44,3.5,3.39,3.46,578200
2011-04-07,3.45,3.49,3.36,3.36,590500
2011-04-08,3.4,3.44,3.38,3.39,242900
2011-04-11,3.41,3.43,3.38,3.39,261600
2011-04-12,2.96,3.14,2.85,2.89,3985700
2011-04-13,2.92,3.01,2.9,2.98,918000
2011-04-14,2.95,3,2.91,2.99,515900
2011-04-15,3.01,3.06,2.99,3,902800
2011-04-18,2.97,3.02,2.93,2.94,473500
2011-04-19,2.97,3.01,2.95,2.98,402500
2011-04-20,3.05,3.09,2.97,2.98,627500
2011-04-21,3,3.02,2.97,2.99,338400
2011-04-25,3,3.13,2.98,3.11,961400
2011-04-26,3.12,3.24,3.05,3.18,547100
2011-04-27,3.22,3.33,3.15,3.15,568400
2011-04-28,3.15,3.25,3.1,3.17,422500
2011-04-29,3.17,3.18,3.07,3.13,845000
2011-05-02,3.16,3.24,3.15,3.17,901300
2011-05-03,3.15,3.23,3.13,3.15,814400
2011-05-04,3.15,3.16,3.03,3.11,1029500
2011-05-05,3.08,3.21,3.07,3.18,1300000
2011-05-06,3.22,3.27,3.14,3.18,854400
2011-05-09,3.17,3.19,3.15,3.17,391300
2011-05-10,3.2,3.28,3.17,3.27,652300
2011-05-11,3.26,3.29,3.2,3.22,385100
2011-05-12,3.21,3.3,3.2,3.27,350000
2011-05-13,3.26,3.28,3.19,3.2,289000
2011-05-16,3.2,3.25,3.15,3.15,453000
2011-05-17,3.14,3.18,3.09,3.1,448200
2011-05-18,3.12,3.23,3.1,3.23,339000
2011-05-19,3.23,3.25,3.13,3.17,315300
2011-05-20,3.16,3.21,3.15,3.17,296400
2011-05-23,3.1,3.19,3.1,3.14,520300
2011-05-24,3.15,3.18,3.07,3.08,396800
2011-05-25,3.07,3.14,3.06,3.11,283000
2011-05-26,3.1,3.2,3.1,3.2,586300
2011-05-27,3.22,3.33,3.2,3.27,587300
2011-05-31,3.3,3.32,3.23,3.32,636100
2011-06-01,3.3,3.31,3.2,3.22,427000
2011-06-02,3.23,3.26,3.16,3.18,310700
2011-06-03,3.1,3.19,3.06,3.11,471600
2011-06-06,3.1,3.22,3.08,3.1,478800
2011-06-07,3.13,3.15,3.08,3.09,200800
2011-06-08,3.07,3.13,3.05,3.12,373100
2011-06-09,3.13,3.14,3.09,3.11,252800
2011-06-10,3.1,3.13,3.07,3.12,615900
2011-06-13,3.11,3.18,3.08,3.12,695500
2011-06-14,3.15,3.24,3.15,3.22,375900
2011-06-15,3.17,3.19,3.11,3.14,317700
2011-06-16,3.14,3.18,3.03,3.04,1603600
2011-06-17,3.06,3.16,3.06,3.14,883900
2011-06-20,3.13,3.16,3.08,3.1,362300
2011-06-21,3.12,3.16,3.06,3.12,478700
2011-06-22,3.09,3.21,3.09,3.15,405400
2011-06-23,3.1,3.14,3.05,3.13,528400
2011-06-24,3.13,3.14,3.02,3.05,866900
2011-06-27,3.05,3.17,3.04,3.1,282200
2011-06-28,3.11,3.17,3.08,3.16,265800
2011-06-29,3.17,3.19,3.12,3.19,388300
2011-06-30,3.19,3.24,3.16,3.24,300900
2011-07-01,3.25,3.25,3.12,3.24,327600
2011-07-05,3.23,3.23,3.16,3.21,277800
2011-07-06,3.2,3.26,3.18,3.26,233900
2011-07-07,3.29,3.37,3.25,3.36,370200
2011-07-08,3.31,3.48,3.24,3.47,558600
2011-07-11,3.42,3.44,3.37,3.4,256300
2011-07-12,3.41,3.45,3.36,3.39,240700
2011-07-13,3.42,3.47,3.4,3.47,309300
2011-07-14,3.41,3.46,3.39,3.4,517200
2011-07-15,3.5,3.67,3.48,3.57,927700
2011-07-18,3.55,3.55,3.49,3.5,400600
2011-07-19,3.54,3.61,3.43,3.6,642600
2011-07-20,3.6,3.63,3.55,3.55,908000
2011-07-21,3.56,3.62,3.54,3.55,732900
2011-07-22,3.55,3.57,3.51,3.54,372600
2011-07-25,3.52,3.59,3.47,3.54,325100
2011-07-26,3.55,3.55,3.51,3.52,418800
2011-07-27,3.5,3.52,3.33,3.34,733700
2011-07-28,3.34,3.54,3.34,3.42,752300
2011-07-29,3.37,3.43,3.31,3.39,512900
2011-08-01,3.45,3.48,3.38,3.38,981400
2011-08-02,3.28,3.47,3.22,3.24,1038800
2011-08-03,3.24,3.35,3.17,3.29,563300
2011-08-04,3.22,3.27,3.15,3.15,850200
2011-08-05,3.2,3.24,2.96,3.02,1001400
2011-08-08,2.91,3.01,2.64,2.64,1348900
2011-08-09,2.72,2.89,2.51,2.84,902500
2011-08-10,2.74,2.84,2.53,2.63,455200
2011-08-11,2.68,2.94,2.6,2.92,723500
2011-08-12,2.95,3.02,2.83,3.01,573400
2011-08-15,3.03,3.03,2.86,2.95,285500
2011-08-16,2.91,3,2.84,2.9,456900
2011-08-17,2.92,3,2.87,2.95,418100
2011-08-18,2.83,2.88,2.71,2.72,518600
2011-08-19,2.66,2.82,2.6,2.63,392800
2011-08-22,2.73,2.79,2.65,2.68,354200
2011-08-23,2.71,2.87,2.56,2.87,365000
2011-08-24,2.86,2.92,2.75,2.8,291400
2011-08-25,2.83,2.9,2.72,2.87,597800
2011-08-26,2.83,2.94,2.77,2.84,388600
2011-08-29,2.85,2.95,2.85,2.92,325600
2011-08-30,2.88,2.9,2.83,2.86,282700
2011-08-31,2.87,2.92,2.73,2.77,734500
2011-09-01,2.79,2.86,2.69,2.7,469700
2011-09-02,2.63,2.75,2.59,2.6,523400
2011-09-06,2.5,2.74,2.5,2.72,448700
2011-09-07,2.78,2.83,2.73,2.83,332700
2011-09-08,2.8,2.84,2.69,2.7,342300
2011-09-09,2.66,2.75,2.62,2.67,411000
2011-09-12,2.61,2.74,2.61,2.7,175100
2011-09-13,2.71,2.74,2.63,2.7,334300
2011-09-14,2.73,2.81,2.66,2.74,519600
2011-09-15,2.79,2.84,2.75,2.83,268700
2011-09-16,2.85,2.87,2.79,2.82,436600
2011-09-19,2.75,2.85,2.74,2.8,267200
2011-09-20,2.8,2.81,2.63,2.63,395700
2011-09-21,2.64,2.7,2.52,2.53,375400
2011-09-22,2.49,2.65,2.45,2.59,629200
2011-09-23,2.59,2.65,2.52,2.64,296200
2011-09-26,2.66,2.75,2.61,2.74,223000
2011-09-27,2.82,2.93,2.66,2.79,393900
2011-09-28,2.77,2.78,2.57,2.57,375200
2011-09-29,2.67,2.71,2.44,2.62,422900
2011-09-30,2.56,2.72,2.52,2.65,392700
2011-10-03,2.61,2.71,2.45,2.46,441600
2011-10-04,2.48,2.71,2.45,2.69,793700
2011-10-05,2.69,2.75,2.61,2.72,269600
2011-10-06,2.72,2.73,2.68,2.73,256000
2011-10-07,2.74,2.76,2.63,2.64,313500
2011-10-10,2.71,2.83,2.67,2.83,392200
2011-10-11,2.79,2.95,2.78,2.93,357200
2011-10-12,2.92,3.03,2.9,3.01,417400
2011-10-13,3,3.04,2.91,2.96,223500
2011-10-14,3.02,3.02,2.93,2.99,237100
2011-10-17,2.94,2.97,2.86,2.87,324900
2011-10-18,2.88,3,2.85,2.97,341200
2011-10-19,2.95,2.95,2.82,2.83,231500
2011-10-20,2.82,2.85,2.68,2.76,313200
2011-10-21,2.84,2.84,2.76,2.8,301000
2011-10-24,2.82,3,2.82,3,296800
2011-10-25,3,3,2.82,2.84,238800
2011-10-26,2.93,3.06,2.91,3.04,372300
2011-10-27,3.16,3.21,3.11,3.15,713000
2011-10-28,3.14,3.15,3.06,3.09,564100
2011-10-31,3.06,3.1,2.95,2.95,320300
2011-11-01,2.8,2.89,2.8,2.83,417500
2011-11-02,2.91,3.02,2.89,3,375700
2011-11-03,3.15,3.2,3.08,3.1,726200
2011-11-04,3.04,3.04,2.92,2.98,336000
2011-11-07,2.96,3.05,2.92,3.02,256000
2011-11-08,3.04,3.09,2.97,3.07,384400
2011-11-09,2.98,3.04,2.94,2.94,393000
2011-11-10,3.02,3.06,2.93,2.96,134100
2011-11-11,3,3.07,2.9,3.01,454600
2011-11-14,3,3.03,2.94,2.98,354000
2011-11-15,2.95,3.02,2.95,2.99,547300
2011-11-16,2.95,3.07,2.95,2.98,289600
2011-11-17,2.99,3.04,2.95,2.95,251000
2011-11-18,2.96,3.05,2.96,3.04,467300
2011-11-21,2.96,3.02,2.96,2.99,727600
2011-11-22,3,3,2.95,2.98,330400
2011-11-23,2.94,2.97,2.79,2.84,476900
2011-11-25,2.8,2.81,2.76,2.79,258100
2011-11-28,2.88,2.99,2.81,2.96,433300
2011-11-29,2.95,2.99,2.9,2.97,347000
2011-11-30,3.06,3.06,2.97,3.02,826600
2011-12-01,2.99,2.99,2.91,2.91,320600
2011-12-02,2.96,3.01,2.95,3,494200
2011-12-05,3.06,3.07,2.98,3.01,651500
2011-12-06,3.01,3.02,2.96,3,297300
2011-12-07,2.97,3.02,2.97,3.01,307400
2011-12-08,2.97,3,2.93,2.94,340900
2011-12-09,2.94,3.03,2.92,3.01,350000
2011-12-12,2.95,3,2.85,2.89,479300
2011-12-13,2.92,2.99,2.81,2.81,403300
2011-12-14,2.8,2.89,2.71,2.88,436100
2011-12-15,2.92,2.93,2.86,2.89,259800
2011-12-16,2.9,2.96,2.82,2.86,441700
2011-12-19,2.9,2.93,2.68,2.71,558000
2011-12-20,2.79,2.95,2.76,2.92,1161800
2011-12-21,2.95,2.95,2.82,2.88,510600
2011-12-22,2.88,2.89,2.83,2.88,418300
2011-12-23,2.88,2.9,2.84,2.87,484600
2011-12-27,2.85,2.95,2.85,2.93,246500
2011-12-28,2.93,2.95,2.86,2.87,145800
2011-12-29,2.87,2.93,2.83,2.92,226200
2011-12-30,2.91,2.96,2.82,2.92,298100
2012-01-03,2.99,3.04,2.91,3.04,485400
2012-01-04,3.01,3.02,2.95,2.95,145800
2012-01-05,2.95,3.02,2.95,2.99,409000
2012-01-06,3,3.01,2.95,2.96,479100
2012-01-09,2.99,3.02,2.93,2.97,301800
2012-01-10,3.02,3.04,2.98,3.03,363200
2012-01-11,3.01,3.07,2.99,3.02,540700
2012-01-12,3.02,3.08,3.02,3.05,393100
2012-01-13,3,3.07,3,3.04,332500
2012-01-17,3.09,3.09,2.98,3.02,208300
2012-01-18,3.02,3.06,2.99,3.05,373900
2012-01-19,3.07,3.1,3.02,3.04,354200
2012-01-20,3.03,3.08,3.03,3.08,239900
2012-01-23,3.08,3.1,3.01,3.02,480000
2012-01-24,3.01,3.04,2.97,3,664400
2012-01-25,3,3.15,2.98,3.14,1818700
2012-01-26,3.17,3.27,3.15,3.18,896100
2012-01-27,3.16,3.25,3.09,3.24,431700
2012-01-30,3.21,3.25,3.17,3.23,372800
2012-01-31,3.27,3.35,3.23,3.24,989400
2012-02-01,3.27,3.29,3.24,3.28,1766600
2012-02-02,3.28,3.37,3.26,3.33,1067900
2012-02-03,3.38,3.38,3.22,3.31,2070400
2012-02-06,3.3,3.3,3.22,3.25,1105200
2012-02-07,3.23,3.29,3.22,3.27,1353400
2012-02-08,3.26,3.33,3.24,3.32,915100
2012-02-09,3.33,3.35,3.3,3.32,1392000
2012-02-10,3.28,3.37,3.28,3.37,1382500
2012-02-13,3.38,3.43,3.34,3.43,1048500
2012-02-14,3.42,3.44,3.28,3.41,707100
2012-02-15,3.43,3.44,3.36,3.38,1284300
2012-02-16,3.38,3.45,3.33,3.44,1237600
2012-02-17,3.45,3.46,3.38,3.46,547900
2012-02-21,3.46,3.64,3.44,3.51,734100
2012-02-22,3.52,3.52,3.43,3.47,606600
2012-02-23,3.48,3.62,3.38,3.55,2219100
2012-02-24,3.55,3.63,3.55,3.62,1531600
2012-02-27,3.57,3.68,3.53,3.68,1360200
2012-02-28,3.66,3.78,3.61,3.76,2439700
2012-02-29,3.76,3.76,3.65,3.69,1296900
2012-03-01,3.69,3.77,3.65,3.74,1495300
2012-03-02,3.76,3.81,3.65,3.72,1420200
2012-03-05,3.71,3.77,3.67,3.77,950100
2012-03-06,3.71,3.8,3.58,3.74,1581000
2012-03-07,3.77,3.79,3.7,3.73,1031100
2012-03-08,3.77,3.77,3.68,3.74,797100
2012-03-09,3.75,3.82,3.71,3.78,950900
2012-03-12,3.75,3.78,3.69,3.73,833200
2012-03-13,3.77,3.82,3.75,3.82,675400
2012-03-14,3.82,3.82,3.73,3.75,361000
2012-03-15,3.79,3.82,3.73,3.78,537000
2012-03-16,3.8,3.8,3.63,3.64,1186000
2012-03-19,3.63,3.88,3.63,3.88,1122700
2012-03-20,3.89,3.89,3.8,3.85,607100
2012-03-21,3.87,3.9,3.8,3.86,343200
2012-03-22,3.81,3.87,3.78,3.85,404700
2012-03-23,3.85,3.94,3.82,3.93,443500
2012-03-26,3.94,3.98,3.92,3.96,466700
2012-03-27,3.96,3.99,3.89,3.89,408100
2012-03-28,3.9,3.93,3.83,3.87,266800
2012-03-29,3.85,3.91,3.82,3.87,282400
2012-03-30,3.91,3.91,3.82,3.83,226100
2012-04-02,3.82,3.85,3.76,3.85,404800
2012-04-03,3.82,3.87,3.8,3.8,431400
2012-04-04,3.76,3.79,3.68,3.78,627000
2012-04-05,3.75,3.84,3.73,3.83,457200
2012-04-09,3.76,3.82,3.7,3.8,697300
2012-04-10,3.79,4.24,3.74,4,3786700
2012-04-11,4.04,4.13,4.01,4.12,1341700
2012-04-12,4.14,4.31,4.12,4.29,1467100
2012-04-13,4.27,4.32,4.2,4.22,880600
2012-04-16,4.23,4.26,4.11,4.18,455900
2012-04-17,4.19,4.43,4.15,4.3,1243100
2012-04-18,4.26,4.29,4.17,4.24,970800
2012-04-19,4.24,4.39,4.2,4.32,1384200
2012-04-20,3.71,3.85,3.58,3.82,6106100
2012-04-23,3.8,3.87,3.73,3.84,1005300
2012-04-24,3.83,3.92,3.74,3.87,979200
2012-04-25,3.91,3.97,3.83,3.87,482500
2012-04-26,3.88,3.9,3.79,3.87,712200
2012-04-27,3.89,3.9,3.76,3.9,496500
2012-04-30,3.9,3.9,3.81,3.83,359000
2012-05-01,3.85,3.94,3.78,3.78,462100
2012-05-02,3.76,3.83,3.71,3.83,499400
2012-05-03,3.83,3.83,3.58,3.79,1261200
2012-05-04,3.76,3.92,3.69,3.9,1663600
2012-05-07,3.85,3.85,3.7,3.76,622000
2012-05-08,3.76,3.83,3.7,3.81,765400
2012-05-09,3.75,3.78,3.72,3.75,653300
2012-05-10,3.76,3.77,3.64,3.68,556000
2012-05-11,3.64,3.68,3.59,3.61,434100
2012-05-14,3.56,3.59,3.52,3.56,509500
2012-05-15,3.55,3.61,3.52,3.54,310000
2012-05-16,3.54,3.59,3.49,3.5,449800
2012-05-17,3.5,3.53,3.45,3.45,387900
2012-05-18,3.42,3.51,3.39,3.43,780000
2012-05-21,3.44,3.61,3.43,3.6,389900
2012-05-22,3.71,3.89,3.61,3.8,1436300
2012-05-23,3.76,3.77,3.65,3.74,745000
2012-05-24,3.73,3.74,3.59,3.64,495000
2012-05-25,3.64,3.64,3.55,3.58,219700
2012-05-29,3.69,3.8,3.61,3.76,1087600
2012-05-30,3.75,3.75,3.67,3.72,2107300
2012-05-31,3.72,3.75,3.69,3.73,843800
2012-06-01,3.65,3.69,3.51,3.53,555700
2012-06-04,3.54,3.58,3.4,3.44,505300
2012-06-05,3.42,3.59,3.42,3.55,509300
2012-06-06,3.58,3.69,3.58,3.68,369200
2012-06-07,3.72,3.72,3.59,3.6,542900
2012-06-08,3.58,3.61,3.54,3.59,616100
2012-06-11,3.62,3.65,3.54,3.55,300700
2012-06-12,3.55,3.63,3.48,3.62,278600
2012-06-13,3.6,3.61,3.42,3.44,480200
2012-06-14,3.44,3.51,3.4,3.5,314000
2012-06-15,3.48,3.6,3.44,3.59,533400
2012-06-18,3.57,3.67,3.55,3.57,403100
2012-06-19,3.55,3.63,3.55,3.62,816600
2012-06-20,3.61,3.63,3.56,3.57,329400
2012-06-21,3.57,3.6,3.39,3.39,364700
2012-06-22,3.42,3.55,3.42,3.5,3133800
2012-06-25,3.45,3.46,3.33,3.36,300800
2012-06-26,3.38,3.48,3.35,3.47,456700
2012-06-27,3.49,3.56,3.45,3.5,1665700
2012-06-28,3.46,3.53,3.32,3.37,327400
2012-06-29,3.46,3.52,3.4,3.44,431600
2012-07-02,3.45,3.48,3.35,3.44,584500
2012-07-03,3.44,3.6,3.41,3.6,206800
2012-07-05,3.58,3.61,3.55,3.6,294200
2012-07-06,3.55,3.6,3.44,3.44,265700
2012-07-09,3.44,3.49,3.28,3.28,451500
2012-07-10,3.32,3.37,3.06,3.09,955700
2012-07-11,3.11,3.11,2.95,2.95,693200
2012-07-12,2.93,3.12,2.87,3.1,1048600
2012-07-13,3.1,3.24,3.09,3.22,488100
2012-07-16,3.22,3.4,3.2,3.3,724300
2012-07-17,3.31,3.44,3.29,3.44,900400
2012-07-18,3.42,3.47,3.33,3.37,596500
2012-07-19,3.39,3.41,3.34,3.36,213100
2012-07-20,3.33,3.43,3.3,3.41,323900
2012-07-23,3.35,3.42,3.25,3.39,555600
2012-07-24,3.38,3.38,3.27,3.28,660900
2012-07-25,3.29,3.35,3.22,3.22,625800
2012-07-26,3.28,3.33,3.24,3.31,262500
2012-07-27,3.33,3.37,3.26,3.3,449900
2012-07-30,3.31,3.35,3.25,3.29,192500
2012-07-31,3.29,3.3,3.18,3.2,284200
2012-08-01,3.22,3.28,3.13,3.2,705700
2012-08-02,3.16,3.3,3.16,3.21,621800
2012-08-03,3.26,3.3,3.21,3.3,344900
2012-08-06,3.29,3.34,3.27,3.34,420300
2012-08-07,3.34,3.39,3.33,3.38,554700
2012-08-08,3.35,3.4,3.35,3.39,266100
2012-08-09,3.37,3.43,3.36,3.4,195200
2012-08-10,3.4,3.41,3.23,3.23,464800
2012-08-13,3.2,3.33,3.15,3.33,331900
2012-08-14,3.36,3.37,3.25,3.26,281600
2012-08-15,3.25,3.44,3.25,3.35,470100
2012-08-16,3.35,3.38,3.25,3.28,936700
2012-08-17,3.27,3.37,3.22,3.37,1024000
2012-08-20,3.35,3.37,3.3,3.32,268500
2012-08-21,3.31,3.4,3.3,3.38,1050400
2012-08-22,3.37,3.44,3.24,3.36,452800
2012-08-23,3.34,3.38,3.28,3.36,182000
2012-08-24,3.34,3.38,3.34,3.35,208200
2012-08-27,3.35,3.38,3.29,3.33,529600
2012-08-28,3.32,3.45,3.32,3.45,281800
2012-08-29,3.45,3.54,3.43,3.54,654700
2012-08-30,3.57,3.57,3.45,3.56,751200
2012-08-31,3.57,3.58,3.48,3.56,488700
2012-09-04,3.52,3.62,3.38,3.56,752800
2012-09-05,3.54,3.57,3.48,3.54,1042700
2012-09-06,3.57,3.62,3.49,3.59,358200
2012-09-07,3.61,3.61,3.52,3.55,214800
2012-09-10,3.54,3.54,3.49,3.51,251800
2012-09-11,3.52,3.55,3.48,3.5,234400
2012-09-12,3.5,3.62,3.49,3.62,646100
2012-09-13,3.63,3.63,3.54,3.55,436200
2012-09-14,3.55,3.58,3.52,3.56,857000
2012-09-17,3.56,3.59,3.54,3.57,491700
2012-09-18,3.59,3.65,3.56,3.63,1033900
2012-09-19,3.62,3.69,3.6,3.62,331800
2012-09-20,3.6,3.6,3.51,3.51,177600
2012-09-21,3.55,3.56,3.5,3.52,670300
2012-09-24,3.41,3.53,3.41,3.46,362000
2012-09-25,3.5,3.5,3.25,3.37,585800
2012-09-26,3.36,3.4,3.34,3.38,252400
2012-09-27,3.42,3.49,3.35,3.42,298300
2012-09-28,3.4,3.43,3.32,3.35,303500
2012-10-01,3.37,3.46,3.26,3.3,439000
2012-10-02,3.33,3.53,3.33,3.52,949900
2012-10-03,3.52,3.67,3.49,3.59,874300
2012-10-04,3.62,3.67,3.57,3.67,620400
2012-10-05,3.68,3.68,3.48,3.49,509400
2012-10-08,3.49,3.51,3.43,3.44,189100
2012-10-09,3.42,3.47,3.35,3.37,315600
2012-10-10,3.36,3.42,3.3,3.3,281200
2012-10-11,3.33,3.38,3.27,3.28,262800
2012-10-12,3.28,3.31,3.26,3.28,198200
2012-10-15,3.28,3.36,3.27,3.3,204500
2012-10-16,3.33,3.36,3.25,3.34,197500
2012-10-17,3.36,3.39,3.31,3.35,166900
2012-10-18,3.34,3.34,3.26,3.32,239900
2012-10-19,3.29,3.41,3.25,3.3,495200
2012-10-22,3.28,3.29,3.22,3.25,254000
2012-10-23,3.23,3.24,3.2,3.22,397600
2012-10-24,3.23,3.28,3.21,3.24,268100
2012-10-25,3.28,3.28,3.2,3.23,277000
2012-10-26,3.22,3.28,3.22,3.25,186000
2012-10-31,3.26,3.28,3.23,3.27,405000
2012-11-01,3.3,3.55,3.3,3.51,919200
2012-11-02,3.51,3.56,3.46,3.54,481700
2012-11-05,3.52,3.59,3.48,3.54,325500
2012-11-06,3.54,3.55,3.38,3.41,434900
2012-11-07,3.37,3.45,3.35,3.41,478600
2012-11-08,3.41,3.5,3.34,3.37,594900
2012-11-09,3.36,3.54,3.33,3.49,535000
2012-11-12,3.46,3.51,3.4,3.42,272300
2012-11-13,3.38,3.48,3.36,3.38,335800
2012-11-14,3.39,3.43,3.35,3.36,657000
2012-11-15,3.36,3.44,3.36,3.41,382100
2012-11-16,3.38,3.45,3.37,3.44,503700
2012-11-19,3.48,3.5,3.42,3.5,394400
2012-11-20,3.48,3.5,3.45,3.49,417000
2012-11-21,3.49,3.55,3.43,3.54,455900
2012-11-23,3.55,3.55,3.48,3.49,197500
2012-11-26,3.47,3.6,3.35,3.59,622800
2012-11-27,3.56,3.62,3.5,3.58,448100
2012-11-28,3.56,3.68,3.56,3.63,767200
2012-11-29,3.62,3.65,3.54,3.63,530700
2012-11-30,3.6,3.62,3.55,3.59,617000
2012-12-03,3.63,3.64,3.57,3.62,437200
2012-12-04,3.61,3.68,3.61,3.66,394000
2012-12-05,3.69,3.69,3.57,3.57,245700
2012-12-06,3.58,3.66,3.58,3.63,272700
2012-12-07,3.65,3.65,3.58,3.61,142200
2012-12-10,3.62,3.64,3.58,3.61,421900
2012-12-11,3.65,3.78,3.62,3.78,543800
2012-12-12,3.8,3.84,3.67,3.69,672600
2012-12-13,3.7,3.71,3.6,3.61,131000
2012-12-14,3.59,3.7,3.59,3.69,247200
2012-12-17,3.7,3.7,3.58,3.64,192500
2012-12-18,3.64,3.8,3.62,3.78,306800
2012-12-19,3.75,3.78,3.64,3.65,426500
2012-12-20,3.64,3.77,3.6,3.73,457100
2012-12-21,3.72,3.72,3.6,3.65,671200
2012-12-24,3.64,3.66,3.58,3.61,147600
2012-12-26,3.63,3.7,3.6,3.64,286900
2012-12-27,3.64,3.64,3.56,3.58,219800
2012-12-28,3.55,3.64,3.52,3.57,267600
2012-12-31,3.59,3.65,3.48,3.64,591500
2013-01-02,3.73,3.84,3.69,3.8,583800
2013-01-03,3.82,3.82,3.72,3.74,248800
2013-01-04,3.71,3.71,3.45,3.58,1798500
2013-01-07,3.55,3.66,3.54,3.65,556000
2013-01-08,3.61,3.71,3.61,3.67,414200
2013-01-09,3.64,3.71,3.63,3.71,502700
2013-01-10,3.69,3.79,3.65,3.73,490400
2013-01-11,3.74,3.79,3.74,3.75,454300
2013-01-14,3.72,3.8,3.7,3.75,329800
2013-01-15,3.71,3.81,3.68,3.75,267300
2013-01-16,3.75,3.76,3.73,3.74,130900
2013-01-17,3.76,3.81,3.73,3.77,280400
2013-01-18,3.76,3.76,3.73,3.76,268100
2013-01-22,3.74,3.76,3.65,3.67,407600
2013-01-23,3.68,3.73,3.58,3.58,468600
2013-01-24,3.58,3.63,3.5,3.53,946800
2013-01-25,3.55,3.63,3.53,3.61,492300
2013-01-28,3.61,3.72,3.57,3.68,560200
2013-01-29,3.67,3.68,3.62,3.66,501000
2013-01-30,3.65,3.65,3.57,3.57,410800
2013-01-31,3.72,3.85,3.61,3.69,974600
2013-02-01,3.69,3.69,3.58,3.58,612700
2013-02-04,3.55,3.59,3.5,3.5,423600
2013-02-05,3.5,3.54,3.49,3.54,311400
2013-02-06,3.5,3.56,3.5,3.56,435600
2013-02-07,3.54,3.58,3.54,3.54,532600
2013-02-08,3.57,3.64,3.54,3.58,619600
2013-02-11,3.58,3.61,3.54,3.59,240900
2013-02-12,3.58,3.6,3.54,3.59,255400
2013-02-13,3.59,3.59,3.56,3.58,184800
2013-02-14,3.56,3.57,3.52,3.56,292200
2013-02-15,3.58,3.6,3.56,3.57,373800
2013-02-19,3.57,3.62,3.56,3.61,274000
2013-02-20,3.57,3.61,3.56,3.56,315000
2013-02-21,3.55,3.6,3.51,3.51,234000
2013-02-22,3.51,3.55,3.51,3.54,281900
2013-02-25,3.54,3.55,3.45,3.48,510600
2013-02-26,3.48,3.52,3.45,3.46,258700
2013-02-27,3.44,3.54,3.43,3.51,245700
2013-02-28,3.47,3.52,3.42,3.51,282600
2013-03-01,3.46,3.52,3.46,3.5,251700
2013-03-04,3.48,3.5,3.44,3.46,214400
2013-03-05,3.47,3.52,3.45,3.52,315300
2013-03-06,3.52,3.55,3.47,3.5,246600
2013-03-07,3.48,3.52,3.45,3.48,564600
2013-03-08,3.49,3.54,3.48,3.54,432200
2013-03-11,3.52,3.54,3.48,3.53,1470600
2013-03-12,3.51,3.57,3.5,3.55,425600
2013-03-13,3.56,3.59,3.53,3.58,387200
2013-03-14,3.57,3.6,3.54,3.58,344800
2013-03-15,3.59,3.6,3.54,3.55,741600
2013-03-18,3.53,3.56,3.53,3.55,260600
2013-03-19,3.56,3.56,3.46,3.5,526600
2013-03-20,3.51,3.54,3.51,3.52,215900
2013-03-21,3.51,3.54,3.46,3.49,275000
2013-03-22,3.49,3.51,3.49,3.5,246900
2013-03-25,3.5,3.51,3.41,3.44,344400
2013-03-26,3.47,3.47,3.38,3.4,243200
2013-03-27,3.36,3.46,3.36,3.4,229700
2013-03-28,3.43,3.44,3.36,3.37,290000
2013-04-01,3.35,3.37,3.23,3.24,524600
2013-04-02,3.25,3.3,3.18,3.18,498600
2013-04-03,3.18,3.26,3.17,3.18,515200
2013-04-04,3.18,3.24,3.15,3.23,413900
2013-04-05,3.16,3.25,3.16,3.19,340500
2013-04-08,3.21,3.24,3.13,3.17,451200
2013-04-09,3.16,3.18,3.15,3.15,423400
2013-04-10,3.17,3.23,3.17,3.19,392400
2013-04-11,3.2,3.23,3.17,3.19,377100
2013-04-12,3.19,3.19,3.14,3.14,317800
2013-04-15,3.13,3.18,3,3,622400
2013-04-16,3.03,3.09,3,3.05,618400
2013-04-17,3.04,3.1,3.01,3.05,717500
2013-04-18,3.05,3.1,3,3.02,854400
2013-04-19,3.02,3.08,3.02,3.05,427300
2013-04-22,3.04,3.06,2.99,3.02,385200
2013-04-23,3.03,3.08,3.01,3.05,337900
2013-04-24,3.02,3.08,3.02,3.06,180000
2013-04-25,3.06,3.14,3.06,3.08,358500
2013-04-26,3.38,3.5,3.18,3.27,2319400
2013-04-29,3.29,3.37,3.25,3.29,400600
2013-04-30,3.28,3.35,3.24,3.33,463800
2013-05-01,3.09,3.27,3.09,3.14,1389300
2013-05-02,3.15,3.18,3.1,3.17,671100
2013-05-03,3.19,3.23,3.18,3.21,620800
2013-05-06,3.2,3.3,3.19,3.28,951000
2013-05-07,3.27,3.35,3.26,3.3,709200
2013-05-08,3.26,3.31,3.24,3.31,318500
2013-05-09,3.3,3.34,3.27,3.33,156600
2013-05-10,3.32,3.32,3.26,3.29,234600
2013-05-13,3.28,3.39,3.28,3.32,438800
2013-05-14,3.31,3.41,3.3,3.36,659900
2013-05-15,3.38,3.41,3.37,3.4,798100
2013-05-16,3.4,3.46,3.39,3.42,854400
2013-05-17,3.44,3.48,3.4,3.46,382400
2013-05-20,3.43,3.46,3.42,3.43,663100
2013-05-21,3.42,3.46,3.4,3.42,141100
2013-05-22,3.43,3.46,3.41,3.41,678700
2013-05-23,3.4,3.46,3.4,3.42,568200
2013-05-24,3.4,3.49,3.37,3.46,919000
2013-05-28,3.47,3.55,3.46,3.49,1992500
2013-05-29,3.46,3.57,3.46,3.51,1084800
2013-05-30,3.51,3.59,3.49,3.54,965000
2013-05-31,3.5,3.61,3.5,3.56,893200
2013-06-03,3.57,3.73,3.51,3.62,866000
2013-06-04,3.6,3.63,3.48,3.5,906700
2013-06-05,3.5,3.56,3.47,3.48,403300
2013-06-06,3.49,3.55,3.44,3.51,165400
2013-06-07,3.52,3.53,3.46,3.47,464900
2013-06-10,3.5,3.54,3.48,3.53,483000
2013-06-11,3.51,3.57,3.47,3.52,1104100
2013-06-12,3.54,3.59,3.49,3.51,401300
2013-06-13,3.52,3.59,3.5,3.57,499900
2013-06-14,3.58,3.58,3.51,3.53,1100700
2013-06-17,3.57,3.6,3.53,3.55,458900
2013-06-18,3.5,3.57,3.48,3.55,448300
2013-06-19,3.56,3.58,3.52,3.53,233100
2013-06-20,3.53,3.54,3.46,3.46,787000
2013-06-21,3.48,3.57,3.47,3.53,1087200
2013-06-24,3.51,3.58,3.44,3.48,368900
2013-06-25,3.5,3.5,3.45,3.47,522800
2013-06-26,3.48,3.5,3.39,3.43,373100
2013-06-27,3.44,3.47,3.41,3.46,343400
2013-06-28,3.46,3.49,3.42,3.44,3416100
2013-07-01,3.49,3.55,3.36,3.51,719200
2013-07-02,3.51,3.57,3.46,3.54,476000
2013-07-03,3.54,3.59,3.5,3.53,254900
2013-07-05,3.59,3.6,3.52,3.54,252600
2013-07-08,3.54,3.56,3.51,3.55,346500
2013-07-09,3.56,3.57,3.52,3.55,371800
2013-07-10,3.55,3.58,3.54,3.55,415500
2013-07-11,3.59,3.6,3.57,3.59,586300
2013-07-12,3.6,3.63,3.57,3.58,346200
2013-07-15,3.6,3.61,3.54,3.59,299700
2013-07-16,3.57,3.61,3.55,3.58,560400
2013-07-17,3.65,3.88,3.63,3.78,2256200
2013-07-18,3.79,3.86,3.7,3.85,2368200
2013-07-19,3.85,3.95,3.84,3.91,1528300
2013-07-22,3.9,4.06,3.9,4.06,2160100
2013-07-23,4.05,4.1,4,4.09,1055200
2013-07-24,4.12,4.14,4.05,4.08,1051900
2013-07-25,4.08,4.11,4.04,4.09,534200
2013-07-26,4.06,4.08,4.03,4.05,222900
2013-07-29,4.05,4.07,4.01,4.01,415400
2013-07-30,4.03,4.09,4.01,4.06,725400
2013-07-31,4.1,4.35,4.07,4.33,4712200
2013-08-01,4.34,4.4,4.14,4.18,1839600
2013-08-02,4.15,4.23,4.09,4.12,1088400
2013-08-05,4.1,4.19,3.92,4.11,1301400
2013-08-06,4.11,4.16,4.04,4.04,948900
2013-08-07,4.01,4.11,4.01,4.09,1385500
2013-08-08,4.1,4.17,4.07,4.09,737400
2013-08-09,4.09,4.11,4.05,4.08,807400
2013-08-12,4.07,4.13,4.07,4.1,1534900
2013-08-13,4.1,4.12,4.02,4.09,752400
2013-08-14,4.1,4.15,4.05,4.08,907700
2013-08-15,4.06,4.11,3.91,3.95,877700
2013-08-16,3.97,4.02,3.86,3.89,641500
2013-08-19,3.87,3.89,3.77,3.82,797100
2013-08-20,3.84,3.89,3.79,3.84,637100
2013-08-21,3.79,3.96,3.79,3.89,1726900
2013-08-22,3.89,3.93,3.84,3.88,1315800
2013-08-23,3.88,3.91,3.84,3.86,666900
2013-08-26,3.86,3.95,3.82,3.87,443400
2013-08-27,3.83,3.87,3.7,3.72,440500
2013-08-28,3.71,3.83,3.71,3.73,376700
2013-08-29,3.72,3.78,3.72,3.77,667400
2013-08-30,3.76,3.82,3.69,3.73,463000
2013-09-03,3.76,3.9,3.74,3.84,644100
2013-09-04,3.83,3.97,3.82,3.87,501400
2013-09-05,3.86,4.01,3.86,3.96,933200
2013-09-06,3.99,4.02,3.91,3.91,569800
2013-09-09,3.93,4.02,3.93,4.02,558500
2013-09-10,4.02,4.07,4.01,4.03,437300
2013-09-11,4.02,4.1,4.01,4.03,349100
2013-09-12,4.58,4.66,4.29,4.33,7704000
2013-09-13,4.35,4.45,4.25,4.33,2400200
2013-09-16,4.4,4.4,4.26,4.37,1688200
2013-09-17,4.52,4.52,4.43,4.48,3531900
2013-09-18,4.51,4.64,4.47,4.55,2815200
2013-09-19,4.59,4.83,4.57,4.8,3122400
2013-09-20,4.84,5.05,4.84,5,3419700
2013-09-23,5.01,5.14,4.95,5.09,3205000
2013-09-24,5.11,5.23,5.03,5.04,4179400
2013-09-25,5.07,5.13,4.92,4.96,4456500
2013-09-26,4.98,5.12,4.94,5.11,2937700
2013-09-27,5.08,5.2,5.08,5.18,1439500
2013-09-30,5.15,5.28,4.94,5.22,2116400
2013-10-01,5.2,5.26,5.15,5.25,1570400
2013-10-02,5.25,5.29,5.17,5.2,1727000
2013-10-03,5.19,5.24,5.13,5.17,1564500
2013-10-04,5.18,5.21,5.14,5.16,1340000
2013-10-07,5.16,5.21,5.13,5.18,1530400
2013-10-08,5.2,5.43,5.04,5.14,2558700
2013-10-09,5.17,5.29,5.1,5.11,2730800
2013-10-10,5.18,5.37,5.14,5.34,1641600
2013-10-11,5.36,5.48,5.26,5.44,1079200
2013-10-14,5.44,5.65,5.43,5.52,1460200
2013-10-15,5.55,5.62,5.45,5.52,998200
2013-10-16,5.61,5.85,5.61,5.76,2976800
2013-10-17,5.71,5.72,5.56,5.66,1856500
2013-10-18,5.75,5.84,5.71,5.83,1120400
2013-10-21,5.87,5.97,5.85,5.94,1069900
2013-10-22,5.98,6,5.73,5.75,1044200
2013-10-23,5.71,5.75,5.6,5.63,748600
2013-10-24,5.66,5.68,5.56,5.57,1180200
2013-10-25,5.55,5.6,5.43,5.49,1023900
2013-10-28,5.49,5.51,5.3,5.43,1055100
2013-10-29,5.42,5.52,5.38,5.5,1037600
2013-10-30,5.57,5.65,5.28,5.31,1092400
2013-10-31,5.3,5.39,5.16,5.37,792000
2013-11-01,5.36,5.39,5.21,5.38,1880500
2013-11-04,6.09,6.65,6.06,6.3,8909900
2013-11-05,6.29,6.29,5.87,6.02,3933600
2013-11-06,5.98,6.21,5.92,6.15,2040700
2013-11-07,6.15,6.15,5.97,6.01,1620000
2013-11-08,6.01,6.3,6.01,6.29,1814400
2013-11-11,6.29,6.4,6.21,6.29,1330500
2013-11-12,6.34,6.49,6.3,6.47,1742600
2013-11-13,6.46,6.57,6.34,6.39,1766500
2013-11-14,6.41,6.45,6.11,6.28,1660300
2013-11-15,6.26,6.29,6.21,6.26,1133200
2013-11-18,6.29,6.36,6.2,6.32,1449400
2013-11-19,6.3,6.44,6.16,6.22,1404700
2013-11-20,6.28,6.4,6.25,6.26,1757200
2013-11-21,6.3,6.47,6.3,6.4,1778700
2013-11-22,6.41,6.45,6.25,6.26,1927700
2013-11-25,6.28,6.35,6.16,6.32,1234000
2013-11-26,6.58,6.92,6.48,6.87,3232500
2013-11-27,6.9,7.09,6.87,6.98,1927300
2013-11-29,7,7.06,6.9,6.95,836600
2013-12-02,6.98,7.01,6.75,6.86,1112100
2013-12-03,6.83,6.95,6.78,6.82,835600
2013-12-04,6.78,6.99,6.73,6.93,891700
2013-12-05,6.97,7.2,6.97,7.1,1635500
2013-12-06,7.19,7.22,6.89,6.99,1255700
2013-12-09,6.97,7.11,6.88,6.92,907300
2013-12-10,6.93,7.12,6.88,7,1299400
2013-12-11,6.98,7,6.77,6.78,1557100
2013-12-12,6.77,6.87,6.58,6.69,937500
2013-12-13,6.72,6.93,6.69,6.85,1048500
2013-12-16,6.94,7,6.8,6.88,963600
2013-12-17,6.84,6.99,6.83,6.84,759500
2013-12-18,6.87,6.92,6.73,6.89,1076200
2013-12-19,7.01,7.07,6.82,7.03,1079600
2013-12-20,7.01,7.08,6.91,6.92,1514400
2013-12-23,6.96,7.19,6.9,7.1,1372100
2013-12-24,7.15,7.25,7.09,7.18,589200
2013-12-26,7.19,7.24,7.03,7.04,794700
2013-12-27,7.05,7.15,6.95,7.04,1061800
2013-12-30,7.07,7.08,6.96,6.99,821000
2013-12-31,7,7.04,6.95,6.98,967700
2014-01-02,7.06,7.06,6.86,6.99,847200
2014-01-03,6.99,7.07,6.83,7.03,919300
2014-01-06,7.08,7.23,6.93,6.93,1231600
2014-01-07,6.98,7.09,6.85,6.93,1018900
2014-01-08,6.82,7.17,6.82,7.17,1199300
2014-01-09,7.2,7.43,7.12,7.33,1528300
2014-01-10,7.37,7.53,7.33,7.44,1319700
2014-01-13,7.45,7.53,6.92,6.99,1558100
2014-01-14,6.99,7.75,6.99,7.7,1942200
2014-01-15,7.73,7.9,7.56,7.82,1491000
2014-01-16,7.84,7.96,7.69,7.74,1140300
2014-01-17,7.74,7.75,7.46,7.48,790100
2014-01-21,7.56,7.75,7.52,7.57,1066700
2014-01-22,7.58,7.8,7.53,7.76,751800
2014-01-23,7.82,8.14,7.72,7.81,2519300
2014-01-24,7.8,7.93,7.24,7.35,1774500
2014-01-27,7.4,7.43,7.04,7.24,1364800
2014-01-28,7.2,7.3,7.15,7.25,913700
2014-01-29,7.21,7.32,7.06,7.11,958100
2014-01-30,7.22,7.49,7.15,7.45,1147400
2014-01-31,7.36,7.38,7.19,7.32,1082600
2014-02-03,7.34,7.4,6.85,6.9,1730500
2014-02-04,6.96,7.06,6.76,7.04,1396000
2014-02-05,5.9,6.01,5.42,5.92,8597500
2014-02-06,5.92,6.03,5.52,5.89,4969100
2014-02-07,5.93,5.95,5.55,5.67,3032500
2014-02-10,5.56,5.68,5.47,5.5,2518000
2014-02-11,5.47,5.52,5.29,5.51,3055400
2014-02-12,5.47,5.58,5.39,5.47,1469200
2014-02-13,5.46,5.5,5.31,5.39,2433100
2014-02-14,5.42,6.02,5.39,5.93,3929100
2014-02-18,5.81,5.93,5.74,5.79,2384200
2014-02-19,5.78,5.85,5.75,5.76,1594800
2014-02-20,5.73,5.91,5.61,5.88,1660400
2014-02-21,5.92,6.09,5.86,6.01,2097200
2014-02-24,6.03,6.19,5.87,5.87,2271900
2014-02-25,5.85,5.98,5.67,5.69,1292800
2014-02-26,5.67,6.15,5.63,6,2981200
2014-02-27,6.01,6.03,5.84,5.89,1412400
2014-02-28,5.9,6.01,5.71,5.73,1573400
2014-03-03,5.7,5.72,5.58,5.7,1586600
2014-03-04,5.8,6.14,5.8,6.05,2500500
2014-03-05,6.02,6.04,5.86,5.95,1224300
2014-03-06,5.98,6.03,5.88,5.99,1112300
2014-03-07,6.05,6.05,5.86,5.94,789800
2014-03-10,5.9,6,5.89,5.91,960600
2014-03-11,5.94,5.95,5.7,5.79,736800
2014-03-12,5.79,5.89,5.72,5.76,1608600
2014-03-13,5.8,5.83,5.61,5.66,1935100
2014-03-14,5.66,5.75,5.6,5.62,667200
2014-03-17,5.68,5.81,5.66,5.78,811500
2014-03-18,5.78,5.83,5.67,5.71,1837200
2014-03-19,5.71,5.78,5.58,5.61,3302400
2014-03-20,5.63,5.82,5.6,5.82,1192400
2014-03-21,5.85,6.01,5.83,5.86,1694900
2014-03-24,5.86,5.94,5.54,5.69,3218500
2014-03-25,5.71,5.8,5.64,5.71,997900
2014-03-26,5.75,5.76,5.53,5.54,1690000
2014-03-27,5.69,5.74,5.47,5.56,1954900
2014-03-28,5.55,5.7,5.48,5.6,2084800
2014-03-31,5.66,5.85,5.66,5.8,2191800
2014-04-01,6.05,6.23,6,6.09,3701900
2014-04-02,6.1,6.16,6.03,6.1,1286200
2014-04-03,6.17,6.19,6.04,6.04,2977300
2014-04-04,6.06,6.12,5.98,6.05,2455600
2014-04-07,6,6.05,5.82,5.88,1575900
2014-04-08,5.87,5.9,5.74,5.86,1452300
2014-04-09,5.87,5.97,5.78,5.94,1149800
2014-04-10,5.9,5.91,5.66,5.75,1841000
2014-04-11,5.67,5.73,5.55,5.62,1753900
2014-04-14,5.65,5.7,5.54,5.62,857000
2014-04-15,5.62,5.71,5.44,5.65,1801900
2014-04-16,5.72,5.74,5.56,5.62,1032100
2014-04-17,5.58,5.71,5.55,5.67,728900
2014-04-21,5.67,5.72,5.61,5.66,849200
2014-04-22,5.69,5.82,5.64,5.79,955800
2014-04-23,5.79,5.81,5.68,5.7,517400
2014-04-24,5.74,5.75,5.6,5.65,737700
2014-04-25,5.63,5.64,5.5,5.56,1299500
2014-04-28,5.56,5.61,5.37,5.54,1305500
2014-04-29,5.56,5.58,5.42,5.5,1326200
2014-04-30,5.47,5.74,5.45,5.72,1561700
2014-05-01,5.67,5.75,5.51,5.55,1655200
2014-05-02,5.54,5.57,5.47,5.53,1760700
2014-05-05,5.5,5.57,5.45,5.56,2146200
2014-05-06,5.55,5.6,5.31,5.33,3689600
2014-05-07,4.56,4.65,3.8,3.95,9347400
2014-05-08,3.9,4.03,3.54,3.55,6197100
2014-05-09,3.54,3.72,3.53,3.68,3283600
2014-05-12,3.73,3.95,3.73,3.86,3042300
2014-05-13,3.88,3.89,3.78,3.8,1310200
2014-05-14,3.78,3.88,3.78,3.84,1300800
2014-05-15,3.84,4.07,3.73,4.03,2881500
2014-05-16,4.09,4.2,3.94,4.09,1787000
2014-05-19,4.08,4.32,4.06,4.24,2080400
2014-05-20,4.27,4.28,4.13,4.2,1420700
2014-05-21,4.21,4.21,3.97,4,1916400
2014-05-22,4.03,4.05,3.95,3.95,1249900
2014-05-23,3.97,3.98,3.91,3.96,1353100
2014-05-27,4.21,4.24,4.06,4.16,1836800
2014-05-28,4.17,4.17,3.96,3.97,1926800
2014-05-29,4,4.06,3.86,3.99,2853500
2014-05-30,4,4.11,3.91,3.98,2502300
2014-06-02,4.02,4.05,3.82,3.85,2011200
2014-06-03,3.86,3.93,3.73,3.78,2844800
2014-06-04,3.8,3.98,3.8,3.98,3695100
2014-06-05,4,4.11,3.97,4.07,2055400
2014-06-06,4.1,4.13,4.06,4.11,1282300
2014-06-09,4.09,4.18,4.06,4.16,804600
2014-06-10,4.15,4.22,4.1,4.19,1151300
2014-06-11,4.15,4.23,4.14,4.16,1151400
2014-06-12,4.17,4.2,4.08,4.1,1158200
2014-06-13,4.13,4.16,4.06,4.14,621900
2014-06-16,4.11,4.16,4.06,4.1,2686600
2014-06-17,4.12,4.21,4.12,4.16,916000
2014-06-18,4.17,4.19,4.09,4.16,729100
2014-06-19,4.14,4.15,4,4.09,1627700
2014-06-20,4.11,4.22,4.04,4.2,1934200
2014-06-23,4.19,4.24,4.11,4.15,1015600
2014-06-24,4.14,4.36,4.14,4.24,2349900
2014-06-25,4.22,4.39,4.22,4.36,1469500
2014-06-26,4.39,4.39,4.19,4.28,1123400
2014-06-27,4.27,4.35,4.23,4.26,2585600
2014-06-30,4.28,4.45,4.26,4.44,1542000
2014-07-01,4.45,4.51,4.38,4.45,1911500
2014-07-02,4.45,4.49,4.34,4.35,1444500
2014-07-03,4.38,4.51,4.31,4.42,1290600
2014-07-07,4.4,4.47,4.32,4.35,1016700
2014-07-08,4.32,4.37,4.11,4.26,2246100
2014-07-09,4.34,4.4,4.24,4.25,1008800
2014-07-10,4.2,4.27,4.16,4.24,1263300
2014-07-11,4.22,4.4,4.2,4.38,2901500
2014-07-14,4.42,4.48,4.39,4.42,2143700
2014-07-15,4.41,4.55,4.34,4.5,2020400
2014-07-16,4.52,4.58,4.35,4.38,1652200
2014-07-17,4.32,4.36,4.22,4.24,1280300
2014-07-18,4.24,4.4,4.23,4.37,980500
2014-07-21,4.97,5.2,4.85,5.06,9877900
2014-07-22,5.12,5.27,5.01,5.15,3333000
2014-07-23,5.17,5.25,4.84,4.94,2984200
2014-07-24,4.96,5.03,4.85,4.95,2223500
2014-07-25,4.92,4.99,4.77,4.79,1578500
2014-07-28,4.8,4.85,4.75,4.83,1415200
2014-07-29,4.84,4.97,4.76,4.79,1677600
2014-07-30,4.86,4.89,4.75,4.8,978900
2014-07-31,4.74,4.8,4.63,4.7,1984200
2014-08-01,4.67,4.76,4.56,4.59,1628700
2014-08-04,4.62,4.67,4.56,4.64,1222600
2014-08-05,4.6,4.7,4.58,4.66,991000
2014-08-06,4.61,4.8,4.6,4.75,1323400
2014-08-07,4.79,4.87,4.68,4.7,1586800
2014-08-08,4.72,4.85,4.69,4.81,1182600
2014-08-11,4.81,5.01,4.81,4.89,1348000
2014-08-12,4.89,4.96,4.86,4.89,1068100
2014-08-13,4.93,5,4.88,4.99,1140800
2014-08-14,5.01,5.38,4.97,5.35,5038200
2014-08-15,5.07,5.1,4.86,4.95,4457400
2014-08-18,5.02,5.25,5.01,5.21,3300800
2014-08-19,5.19,5.25,5.11,5.24,1887100
2014-08-20,5.21,5.34,5.21,5.28,1510200
2014-08-21,5.27,5.3,5.19,5.23,1162800
2014-08-22,5.25,5.38,5.23,5.33,1211100
2014-08-25,5.38,5.49,5.26,5.27,1778400
2014-08-26,5.26,5.38,5.26,5.31,1123500
2014-08-27,5.35,5.47,5.34,5.38,1810800
2014-08-28,5.36,5.39,5.22,5.24,1118800
2014-08-29,5.25,5.4,5.23,5.33,959400
2014-09-02,5.34,5.36,5.26,5.27,1323000
2014-09-03,5.38,5.49,5.3,5.31,2251200
2014-09-04,5.28,5.39,5.21,5.23,979700
2014-09-05,5.22,5.3,5.18,5.22,657300
2014-09-08,5.18,5.29,5.18,5.24,750700
2014-09-09,5.21,5.28,5.18,5.18,811300
2014-09-10,5.18,5.22,5.09,5.17,744000
2014-09-11,5.15,5.26,5.13,5.26,901800
2014-09-12,5.26,5.29,5.18,5.19,860200
2014-09-15,5.17,5.19,4.86,4.86,2623600
2014-09-16,4.86,5.06,4.86,4.98,1070300
2014-09-17,4.94,5.01,4.82,4.87,1738700
2014-09-18,4.9,4.95,4.86,4.93,1519600
2014-09-19,4.94,4.99,4.76,4.8,2318100
2014-09-22,4.77,4.81,4.61,4.65,1732100
2014-09-23,4.65,4.65,4.52,4.54,1766300
2014-09-24,4.55,4.68,4.54,4.62,779400
2014-09-25,4.6,4.73,4.53,4.55,772500
2014-09-26,4.56,4.69,4.56,4.64,700300
2014-09-29,4.56,4.82,4.55,4.72,1166500
2014-09-30,4.72,4.85,4.68,4.79,2095700
2014-10-01,4.8,4.86,4.7,4.77,1388600
2014-10-02,4.74,4.95,4.71,4.85,2389600
2014-10-03,4.9,4.95,4.76,4.78,1553300
2014-10-06,4.77,4.78,4.63,4.64,1599700
2014-10-07,4.6,4.6,4.22,4.31,3550800
2014-10-08,4.3,4.35,3.96,4.23,4465400
2014-10-09,4.22,4.31,4.12,4.13,1674700
2014-10-10,4.13,4.14,3.89,3.89,2300900
2014-10-13,4.25,4.25,3.8,3.81,2215800
2014-10-14,3.87,3.9,3.53,3.61,2584100
2014-10-15,3.56,3.76,3.55,3.76,2113800
2014-10-16,2.9,3.18,2.75,3.06,8460500
2014-10-17,3.12,3.13,3.02,3.07,3051500
2014-10-20,3.07,3.2,3,3.16,1327100
2014-10-21,3.19,3.24,3.15,3.2,1072400
2014-10-22,3.19,3.21,3,3.01,1448200
2014-10-23,3.05,3.13,3.05,3.12,1216600
2014-10-24,3.11,3.16,3.09,3.14,700200
2014-10-27,3.11,3.17,3.05,3.15,944000
2014-10-28,3.15,3.37,3.11,3.3,2374000
2014-10-29,3.79,3.9,3.41,3.63,3929300
2014-10-30,3.59,3.61,3.47,3.53,1795800
2014-10-31,3.62,3.64,3.55,3.59,1919700
2014-11-03,3.51,3.62,3.51,3.6,2567500
2014-11-04,3.53,3.77,3.53,3.75,1634800
2014-11-05,3.77,3.8,3.66,3.72,1024800
2014-11-06,3.74,3.8,3.68,3.77,818000
2014-11-07,3.75,3.79,3.67,3.78,1148600
2014-11-10,3.77,3.88,3.77,3.83,945300
2014-11-11,3.8,3.82,3.73,3.77,662000
2014-11-12,3.76,3.8,3.61,3.75,725900
2014-11-13,3.74,3.76,3.68,3.69,714000
2014-11-14,3.68,3.76,3.65,3.75,887400
2014-11-17,3.72,3.75,3.6,3.62,911000
2014-11-18,3.64,3.79,3.63,3.74,1753500
2014-11-19,3.76,3.82,3.64,3.76,1310400
2014-11-20,3.72,3.86,3.65,3.82,2037200
2014-11-21,3.87,3.87,3.66,3.68,947100
2014-11-24,3.68,3.72,3.61,3.7,1053500
2014-11-25,3.72,3.74,3.57,3.66,600800
2014-11-26,3.62,3.7,3.55,3.63,533700
2014-11-28,3.61,3.66,3.56,3.62,313800
2014-12-01,3.62,3.62,3.41,3.55,1217000
2014-12-02,3.49,3.62,3.46,3.6,799300
2014-12-03,3.6,3.66,3.53,3.56,1029300
2014-12-04,3.57,3.58,3.46,3.48,561200
2014-12-05,3.47,3.7,3.47,3.69,1096400
2014-12-08,3.67,3.74,3.59,3.59,1010500
2014-12-09,3.54,3.68,3.5,3.65,708200
2014-12-10,3.61,3.71,3.53,3.55,815800
2014-12-11,3.57,3.71,3.54,3.56,986600
2014-12-12,3.49,3.56,3.44,3.49,785100
2014-12-15,3.48,3.51,3.21,3.3,1817800
2014-12-16,3.3,3.38,3.28,3.3,1214300
2014-12-17,3.3,3.4,3.25,3.39,877100
2014-12-18,3.43,3.44,3.24,3.35,1023800
2014-12-19,3.33,3.49,3.28,3.44,1049000
2014-12-22,3.42,3.49,3.37,3.45,813500
2014-12-23,3.45,3.59,3.45,3.53,585600
2014-12-24,3.52,3.65,3.49,3.64,428100
2014-12-26,3.67,3.69,3.6,3.62,426900
2014-12-29,3.59,3.69,3.57,3.63,732400
2014-12-30,3.6,3.64,3.52,3.55,564300
2014-12-31,3.54,3.6,3.52,3.53,665400
2015-01-02,3.55,3.58,3.42,3.57,719000
2015-01-05,3.52,3.53,3.41,3.45,828000
2015-01-06,3.45,3.49,3.24,3.47,989900
2015-01-07,3.48,3.48,3.38,3.4,578200
2015-01-08,3.44,3.55,3.41,3.48,540700
2015-01-09,3.46,3.53,3.41,3.5,470400
2015-01-12,3.47,3.49,3.37,3.41,492800
2015-01-13,3.43,3.5,3.35,3.4,667600
2015-01-14,3.36,3.51,3.27,3.36,351000
2015-01-15,3.35,3.43,3.19,3.2,965200
2015-01-16,3.2,3.41,3.01,3.05,2285300
2015-01-20,3.07,3.11,2.95,2.97,1581200
2015-01-21,2.97,2.99,2.81,2.87,2346700
2015-01-22,2.9,3.05,2.87,2.88,1381100
2015-01-23,2.85,2.92,2.81,2.83,771300
2015-01-26,2.82,2.84,2.73,2.78,1232700
2015-01-27,2.74,2.79,2.7,2.7,1065700
2015-01-28,2.7,2.81,2.68,2.78,1457400
2015-01-29,2.84,3.15,2.82,3.04,4735300
2015-01-30,3,3.08,2.91,2.94,1594500
2015-02-02,2.91,3.09,2.89,3.09,1411000
2015-02-03,3.1,3.2,3.01,3.16,1083500
2015-02-04,3.12,3.2,3.03,3.04,1101500
2015-02-05,3.03,3.18,3.03,3.14,878400
2015-02-06,3.15,3.26,3.14,3.25,1171400
2015-02-09,3.23,3.29,3.14,3.15,558700
2015-02-10,3.19,3.22,3.1,3.21,607100
2015-02-11,3.2,3.25,3.13,3.19,775500
2015-02-12,3.23,3.37,3.2,3.36,1087100
2015-02-13,3.38,3.46,3.37,3.46,862600
2015-02-17,3.44,3.45,3.38,3.41,469700
2015-02-18,3.35,3.48,3.34,3.41,1111400
2015-02-19,3.41,3.58,3.38,3.56,1277200
2015-02-20,3.54,3.56,3.43,3.46,657500
2015-02-23,3.46,3.54,3.37,3.52,608900
2015-02-24,3.49,3.61,3.44,3.48,1385300
2015-02-25,3.49,3.52,3.42,3.5,467300
2015-02-26,3.46,3.51,3.41,3.43,321900
2015-02-27,3.41,3.59,3.41,3.55,1731000
2015-03-02,3.53,3.64,3.51,3.6,769900
2015-03-03,3.6,3.62,3.53,3.54,564200
2015-03-04,3.51,3.52,3.4,3.41,719700
2015-03-05,3.42,3.44,3.34,3.38,588800
2015-03-06,3.34,3.46,3.32,3.43,481300
2015-03-09,3.43,3.43,3.3,3.39,648600
2015-03-10,3.33,3.34,3.22,3.22,685900
2015-03-11,3.21,3.36,3.2,3.29,415400
2015-03-12,3.32,3.36,3.22,3.26,699000
2015-03-13,3.25,3.31,3.18,3.27,1418300
2015-03-16,3.27,3.32,3.19,3.25,2672900
2015-03-17,3.25,3.32,3.2,3.29,1180600
2015-03-18,3.31,3.38,3.26,3.36,505800
2015-03-19,3.33,3.53,3.33,3.48,775400
2015-03-20,3.41,3.43,3.28,3.33,3937100
2015-03-23,3.3,3.39,3.25,3.31,982400
2015-03-24,3.31,3.32,3.22,3.23,990700
2015-03-25,3.23,3.23,3.08,3.09,882300
2015-03-26,3.1,3.13,3.04,3.1,504700
2015-03-27,3.09,3.11,3.01,3.08,628000
2015-03-30,3.07,3.18,3.07,3.15,365800
2015-03-31,3.12,3.17,3.09,3.16,392500
2015-04-01,3.13,3.3,3.1,3.25,970000
2015-04-02,3.24,3.26,3.2,3.24,643800
2015-04-06,3.23,3.27,3.21,3.25,556900
2015-04-07,3.23,3.32,3.2,3.24,687600
2015-04-08,3.22,3.27,3.22,3.23,430500
2015-04-09,3.22,3.26,3.16,3.24,356300
2015-04-10,2.33,2.58,2.33,2.5,10105900
2015-04-13,2.49,2.5,2.4,2.47,3315700
2015-04-14,2.46,2.49,2.38,2.41,2516300
2015-04-15,2.4,2.5,2.35,2.45,2535400
2015-04-16,2.46,2.5,2.43,2.45,1786400
2015-04-17,2.43,2.46,2.41,2.42,1426500
2015-04-20,2.42,2.51,2.42,2.51,1063300
2015-04-21,2.53,2.64,2.47,2.53,4462800
2015-04-22,2.55,2.61,2.49,2.52,1556800
2015-04-23,2.5,2.6,2.5,2.57,1254800
2015-04-24,2.58,2.6,2.52,2.55,1276800
2015-04-27,2.56,2.62,2.55,2.58,1051500
2015-04-28,2.59,2.68,2.56,2.65,1063400
2015-04-29,2.64,2.71,2.59,2.6,1094100
2015-04-30,2.58,2.6,2.47,2.52,922100
2015-05-01,2.52,2.56,2.47,2.54,1127800
2015-05-04,2.52,2.56,2.46,2.55,808700
2015-05-05,2.53,2.57,2.44,2.49,1043100
2015-05-06,2.49,2.64,2.46,2.59,2366300
2015-05-07,2.55,2.56,2.35,2.47,2725500
2015-05-08,2.5,2.55,2.46,2.51,1188400
2015-05-11,2.5,2.55,2.5,2.54,770800
2015-05-12,2.51,2.58,2.5,2.56,677500
2015-05-13,2.58,2.63,2.52,2.59,918500
2015-05-14,2.62,2.62,2.55,2.59,820400
2015-05-15,2.58,2.67,2.56,2.66,1085100
2015-05-18,2.64,2.69,2.54,2.57,2292400
2015-05-19,2.57,2.65,2.57,2.63,847300
2015-05-20,2.65,2.65,2.53,2.56,574600
2015-05-21,2.8,2.8,2.55,2.6,1575100
2015-05-22,2.6,2.63,2.55,2.62,604700
2015-05-26,2.61,2.61,2.54,2.59,642900
2015-05-27,2.59,2.67,2.57,2.65,1046000
2015-05-28,2.63,2.77,2.63,2.68,811800
2015-05-29,2.66,2.73,2.65,2.71,718100
2015-06-01,2.74,2.75,2.64,2.65,597100
2015-06-02,2.65,2.78,2.6,2.7,687400
2015-06-03,2.72,2.84,2.7,2.8,1003300
2015-06-04,2.76,2.78,2.57,2.58,728100
2015-06-05,2.59,2.64,2.51,2.64,530200
2015-06-08,2.61,2.67,2.57,2.61,502500
2015-06-09,2.6,2.64,2.55,2.61,695400
2015-06-10,2.62,2.7,2.62,2.67,379600
2015-06-11,2.65,2.88,2.62,2.83,1130600
2015-06-12,2.81,3.1,2.8,2.95,1539200
2015-06-15,2.91,2.92,2.8,2.87,921600
2015-06-16,2.85,3.02,2.82,3.01,510200
2015-06-17,3.04,3.04,2.87,2.95,527900
2015-06-18,2.97,2.98,2.9,2.91,470800
2015-06-19,2.92,2.94,2.88,2.92,890100
2015-06-22,2.91,2.95,2.83,2.84,709400
2015-06-23,2.86,2.88,2.81,2.85,593300
2015-06-24,2.82,2.87,2.76,2.77,843400
2015-06-25,2.79,2.85,2.75,2.77,724400
2015-06-26,2.79,2.8,2.64,2.76,2294200
2015-06-29,2.71,2.78,2.65,2.65,691000
2015-06-30,2.66,2.74,2.63,2.69,1091700
2015-07-01,2.74,2.74,2.56,2.6,1854400
2015-07-02,2.61,2.63,2.55,2.59,504900
2015-07-06,2.58,2.6,2.43,2.48,3121900
2015-07-07,2.49,2.49,2.35,2.45,1083000
2015-07-08,2.44,2.44,2.35,2.36,776600
2015-07-09,2.4,2.41,2.29,2.3,1005200
2015-07-10,2.34,2.41,2.29,2.3,1028300
2015-07-13,2.32,2.37,2.31,2.33,658600
2015-07-14,2.35,2.41,2.32,2.4,1011700
2015-07-15,2.39,2.41,2.33,2.36,477700
2015-07-16,2.37,2.45,2.26,2.28,683700
2015-07-17,2.29,2.36,2.26,2.31,760900
2015-07-20,2.36,2.36,2.28,2.3,901200
2015-07-21,2.29,2.31,2.23,2.25,702800
2015-07-22,2.25,2.25,2.19,2.23,494200
2015-07-23,2.23,2.26,2.2,2.25,970700
2015-07-24,2.24,2.27,2.16,2.17,1228900
2015-07-27,2.18,2.21,2.11,2.18,568700
2015-07-28,2.2,2.26,2.12,2.13,868500
2015-07-29,2.15,2.25,2.14,2.23,614700
2015-07-30,2.21,2.36,2.2,2.35,912800
2015-07-31,2.35,2.37,2.26,2.32,734800
2015-08-03,2.31,2.32,2.17,2.21,942900
2015-08-04,2.19,2.29,2.18,2.25,920200
2015-08-05,2.25,2.33,2.18,2.33,1571900
2015-08-06,2.75,2.77,2.5,2.54,2870700
2015-08-07,2.5,2.87,2.5,2.83,2382300
2015-08-10,2.8,2.88,2.71,2.83,1729400
2015-08-11,2.83,2.9,2.76,2.85,836500
2015-08-12,2.81,2.85,2.75,2.79,664400
2015-08-13,2.76,2.87,2.76,2.86,682700
2015-08-14,2.83,2.99,2.83,2.93,652600
2015-08-17,2.9,3.05,2.87,2.98,773700
2015-08-18,3,3.05,2.93,3.01,743700
2015-08-19,3.07,3.07,2.87,2.94,665200
2015-08-20,3.01,3.02,2.86,2.86,862800
2015-08-21,2.81,2.99,2.81,2.85,966700
2015-08-24,2.54,2.8,2.27,2.8,1023600
2015-08-25,2.83,2.84,2.67,2.68,687000
2015-08-26,2.73,2.82,2.66,2.68,767000
2015-08-27,2.72,2.86,2.7,2.75,833400
2015-08-28,2.73,2.84,2.73,2.8,628300
2015-08-31,2.91,3.05,2.82,3,1526100
2015-09-01,3.09,3.09,2.92,2.93,867800
2015-09-02,2.95,3.1,2.92,3.1,873900
2015-09-03,3.13,3.24,3.08,3.19,1024400
2015-09-04,3.16,3.18,3.1,3.13,363000
2015-09-08,3.16,3.2,3.12,3.16,962300
2015-09-09,3.21,3.21,3.13,3.19,508500
2015-09-10,3.3,3.47,3.25,3.33,2165500
2015-09-11,3.26,3.39,3.26,3.3,1524500
2015-09-14,3.34,3.66,3.33,3.56,2829600
2015-09-15,3.5,3.61,3.45,3.5,1515800
2015-09-16,3.54,3.56,3.43,3.44,720900
2015-09-17,3.44,3.55,3.42,3.46,1129200
2015-09-18,3.42,3.51,3.37,3.4,794100
2015-09-21,3.43,3.55,3.39,3.41,1340500
2015-09-22,3.4,3.49,3.32,3.33,743000
2015-09-23,3.35,3.5,3.25,3.49,978400
2015-09-24,3.45,3.45,3.32,3.33,713500
2015-09-25,3.39,3.4,3.24,3.27,554100
2015-09-28,3.28,3.31,3.19,3.26,538500
2015-09-29,3.26,3.4,3.22,3.34,554000
2015-09-30,3.35,3.42,3.32,3.36,665400
2015-10-01,3.39,3.41,3.3,3.34,412400
2015-10-02,3.32,3.47,3.3,3.47,771200
2015-10-05,3.44,3.53,3.38,3.44,881300
2015-10-06,3.42,3.5,3.42,3.47,745900
2015-10-07,3.46,3.53,3.45,3.53,1150500
2015-10-08,3.52,3.55,3.49,3.55,640100
2015-10-09,3.55,3.63,3.47,3.63,702000
2015-10-12,3.56,3.64,3.47,3.57,473000
2015-10-13,3.55,3.65,3.47,3.49,725100
2015-10-14,3.49,3.56,3.4,3.53,615700
2015-10-15,3.55,3.57,3.49,3.56,536100
2015-10-16,3.58,3.6,3.45,3.57,578400
2015-10-19,3.57,3.63,3.42,3.61,1080800
2015-10-20,3.63,3.67,3.56,3.6,474000
2015-10-21,3.64,3.65,3.55,3.56,597800
2015-10-22,3.57,3.72,3.49,3.7,1062000
2015-10-23,3.72,3.72,3.56,3.59,656400
2015-10-26,3.57,3.73,3.55,3.7,1077600
2015-10-27,3.66,3.72,3.33,3.45,1195100
2015-10-28,3.43,3.58,3.41,3.54,856300
2015-10-29,3.5,3.52,3.36,3.45,895300
2015-10-30,3.55,3.74,3.53,3.59,1407700
2015-11-02,3.62,3.76,3.62,3.72,1675700
2015-11-03,3.72,3.72,3.61,3.66,1139200
2015-11-04,3.64,3.81,3.6,3.81,1507000
2015-11-05,3.8,3.9,3.79,3.87,1440100
2015-11-06,3.86,3.94,3.85,3.91,1526000
2015-11-09,3.88,3.92,3.71,3.84,1198100
2015-11-10,3.8,3.85,3.74,3.76,850100
2015-11-11,3.74,3.9,3.74,3.83,971400
2015-11-12,3.82,3.82,3.73,3.79,602900
2015-11-13,3.82,3.82,3.67,3.76,1119100
2015-11-16,3.72,3.82,3.72,3.79,1307800
2015-11-17,3.76,3.85,3.76,3.83,1442300
2015-11-18,3.8,3.97,3.79,3.96,2052400
2015-11-19,3.96,4.01,3.93,4,1330900
2015-11-20,3.98,4.14,3.95,4.14,1871800
2015-11-23,4.11,4.2,4.11,4.19,1430500
2015-11-24,4.2,4.26,4.1,4.26,1580700
2015-11-25,4.23,4.34,4.21,4.33,1359200
2015-11-27,4.3,4.37,4.3,4.34,405600
2015-11-30,4.33,4.42,4.33,4.42,1286900
2015-12-01,4.41,4.43,4.24,4.39,730400
2015-12-02,4.37,4.44,4.32,4.35,807100
2015-12-03,4.35,4.55,4.35,4.41,1382900
2015-12-04,4.41,4.47,4.32,4.42,1146600
2015-12-07,4.43,4.45,4.11,4.11,858500
2015-12-08,4.08,4.32,3.97,4.26,1012300
2015-12-09,4.2,4.28,4.05,4.1,973400
2015-12-10,4.06,4.16,4,4.1,511200
2015-12-11,4.03,4.12,3.95,3.99,969200
2015-12-14,3.95,3.98,3.88,3.95,821400
2015-12-15,3.95,4.06,3.91,4.01,918800
2015-12-16,4.04,4.12,4,4.12,768100
2015-12-17,4.12,4.21,4.06,4.14,660400
2015-12-18,4.11,4.15,4.01,4.08,1064000
2015-12-21,4.08,4.1,3.91,3.93,654600
2015-12-22,3.91,4.06,3.9,3.99,483800
2015-12-23,4,4.06,3.96,4.03,406100
2015-12-24,4.07,4.17,4.04,4.14,318200
2015-12-28,4.14,4.15,4,4.1,434100
2015-12-29,4.12,4.19,4.08,4.14,336000
2015-12-30,4.13,4.16,4.04,4.14,552800
2015-12-31,4.1,4.16,4.01,4.08,1002000
2016-01-04,4,4.03,3.9,3.99,726300
2016-01-05,4.01,4.01,3.71,3.76,1596100
2016-01-06,3.75,3.76,3.68,3.76,817200
2016-01-07,3.68,3.74,3.6,3.64,834900
2016-01-08,3.65,3.69,3.46,3.46,1135500
2016-01-11,3.44,3.54,3.4,3.46,667700
2016-01-12,3.51,3.58,3.39,3.48,1367800
2016-01-13,3.5,3.6,3.43,3.55,2335200
2016-01-14,3.58,3.76,3.56,3.71,910900
2016-01-15,3.54,3.66,3.5,3.6,830300
2016-01-19,3.62,3.67,3.46,3.53,802500
2016-01-20,3.51,3.52,3.31,3.46,693700
2016-01-21,3.48,3.67,3.48,3.57,921300
2016-01-22,3.64,3.8,3.63,3.7,754600
2016-01-25,3.66,3.95,3.66,3.86,1563500
2016-01-26,3.88,3.94,3.78,3.85,894500
2016-01-27,3.86,3.95,3.76,3.92,1182400
2016-01-28,3.62,3.62,2.75,2.9,5342000
2016-01-29,2.91,3.04,2.73,2.76,2578100
2016-02-01,2.83,2.92,2.76,2.82,1988800
2016-02-02,2.79,2.89,2.77,2.87,1001300
2016-02-03,2.88,2.9,2.67,2.68,1203900
2016-02-04,2.7,2.78,2.56,2.58,1899400
2016-02-05,2.64,2.65,2.58,2.59,1286900
2016-02-08,2.6,2.61,2.47,2.51,1199000
2016-02-09,2.51,2.58,2.46,2.52,765100
2016-02-10,2.54,2.58,2.45,2.48,948000
2016-02-11,2.47,2.49,2.32,2.35,1452600
2016-02-12,2.36,2.51,2.36,2.5,1062100
2016-02-16,2.53,2.57,2.43,2.53,747000
2016-02-17,2.56,2.7,2.56,2.63,752500
2016-02-18,2.65,2.69,2.61,2.63,777400
2016-02-19,2.62,2.75,2.62,2.72,465700
2016-02-22,2.77,2.78,2.7,2.73,554000
2016-02-23,2.73,2.77,2.72,2.75,442800
2016-02-24,2.75,2.88,2.72,2.84,654800
2016-02-25,2.86,2.95,2.81,2.89,838100
2016-02-26,2.89,2.9,2.78,2.81,426300
2016-02-29,2.77,2.94,2.76,2.82,738700
2016-03-01,2.85,2.95,2.77,2.93,1179100
2016-03-02,2.92,2.99,2.9,2.94,511000
2016-03-03,2.95,3.07,2.92,3.04,899100
2016-03-04,3.04,3.18,3.02,3.09,1047900
2016-03-07,3.07,3.15,3.03,3.1,693900
2016-03-08,3.08,3.08,2.8,2.81,800200
2016-03-09,2.84,3.06,2.84,2.97,630400
2016-03-10,2.98,3,2.86,2.96,549800
2016-03-11,2.97,3.04,2.93,3.03,278600
2016-03-14,3.01,3.07,3,3,304700
2016-03-15,3,3,2.94,2.99,384900
2016-03-16,2.99,3.03,2.94,2.99,442900
2016-03-17,2.97,3.05,2.97,3.02,390000
2016-03-18,3.05,3.06,2.99,3,1126400
2016-03-21,3.01,3.05,2.97,3,404500
2016-03-22,2.98,3.05,2.96,3.02,314200
2016-03-23,3,3.01,2.96,2.97,465100
2016-03-24,2.98,3.07,2.95,3.03,745400
2016-03-28,3.02,3.17,3.01,3.12,596600
2016-03-29,3.09,3.15,3.01,3.14,1411000
2016-03-30,3.14,3.2,3.05,3.1,1057200
2016-03-31,3.1,3.18,3.09,3.11,853000
2016-04-01,3.09,3.12,3.06,3.11,284500
2016-04-04,3.1,3.17,3.08,3.13,798900
2016-04-05,3.1,3.15,3.06,3.13,452600
2016-04-06,3.14,3.28,3.1,3.22,1043700
2016-04-07,3.2,3.21,3.05,3.08,559700
2016-04-08,3.12,3.13,3.02,3.09,618400
2016-04-11,3.15,3.27,3.1,3.19,639100
2016-04-12,3.17,3.17,3.07,3.13,1110100
2016-04-13,3.13,3.26,3.13,3.25,347800
2016-04-14,3.24,3.31,3.18,3.26,790900
2016-04-15,3.24,3.27,3.18,3.21,317500
2016-04-18,3.16,3.25,3.14,3.16,306000
2016-04-19,3.17,3.24,3.15,3.2,394200
2016-04-20,3.18,3.28,3.15,3.27,354500
2016-04-21,3.25,3.32,3.21,3.22,494000
2016-04-22,3.15,3.28,3.14,3.2,576100
2016-04-25,3.21,3.24,3.13,3.15,841100
2016-04-26,3.18,3.24,3.15,3.16,1025000
2016-04-27,3.19,3.31,3.15,3.3,988900
2016-04-28,3.5,3.65,3.33,3.34,1185600
2016-04-29,3.36,3.51,3.33,3.51,818400
2016-05-02,3.49,3.63,3.42,3.61,1555100
2016-05-03,3.61,3.62,3.5,3.51,373600
2016-05-04,3.52,3.6,3.48,3.5,563500
2016-05-05,3.54,3.54,3.44,3.44,393700
2016-05-06,3.45,3.5,3.4,3.41,263100
2016-05-09,3.43,3.49,3.41,3.46,412400
2016-05-10,3.48,3.5,3.43,3.46,556700
2016-05-11,3.45,3.49,3.44,3.47,361600
2016-05-12,3.46,3.47,3.34,3.42,419200
2016-05-13,3.4,3.44,3.36,3.38,236200
2016-05-16,3.41,3.46,3.4,3.41,462300
2016-05-17,3.42,3.43,3.35,3.4,580600
2016-05-18,3.38,3.43,3.37,3.4,213500
2016-05-19,3.46,3.47,3.39,3.45,651400
2016-05-20,3.47,3.53,3.44,3.51,563000
2016-05-23,3.51,3.72,3.46,3.71,879700
2016-05-24,3.72,3.79,3.68,3.74,977300
2016-05-25,3.74,3.8,3.64,3.69,826700
2016-05-26,3.7,3.73,3.65,3.72,260300
2016-05-27,3.71,3.78,3.68,3.7,463200
2016-05-31,3.7,3.78,3.66,3.69,821500
2016-06-01,3.69,3.76,3.61,3.76,518600
2016-06-02,3.72,3.81,3.68,3.78,321800
2016-06-03,3.78,3.8,3.64,3.68,370300
2016-06-06,3.7,3.71,3.64,3.69,488500
2016-06-07,3.68,3.72,3.65,3.67,460700
2016-06-08,3.67,3.74,3.64,3.73,481100
2016-06-09,3.7,3.7,3.53,3.54,637700
2016-06-10,3.5,3.56,3.49,3.52,474300
2016-06-13,3.49,3.53,3.48,3.52,371300
2016-06-14,3.5,3.58,3.49,3.55,300500
2016-06-15,3.56,3.62,3.5,3.57,154500
2016-06-16,3.56,3.62,3.52,3.6,178000
2016-06-17,3.59,3.59,3.5,3.52,548000
2016-06-20,3.56,3.62,3.56,3.58,248900
2016-06-21,3.6,3.61,3.5,3.54,332700
2016-06-22,3.56,3.58,3.49,3.53,303300
2016-06-23,3.54,3.6,3.54,3.58,246300
2016-06-24,3.4,3.42,3.27,3.29,2925600
2016-06-27,3.25,3.28,3.07,3.15,929700
2016-06-28,3.19,3.24,3.15,3.18,562300
2016-06-29,3.19,3.38,3.17,3.34,577100
2016-06-30,3.36,3.41,3.33,3.39,831800
2016-07-01,3.37,3.51,3.37,3.45,721800
2016-07-05,3.44,3.48,3.4,3.41,306300
2016-07-06,3.38,3.43,3.34,3.38,283900
2016-07-07,3.38,3.43,3.36,3.37,472900
2016-07-08,3.41,3.54,3.37,3.54,606700
2016-07-11,3.52,3.64,3.5,3.64,523700
2016-07-12,3.64,3.66,3.6,3.6,500600
2016-07-13,3.61,3.64,3.57,3.59,617300
2016-07-14,3.62,3.7,3.58,3.61,435000
2016-07-15,3.64,3.69,3.56,3.64,780700
2016-07-18,3.63,3.7,3.61,3.63,331900
2016-07-19,3.61,3.73,3.59,3.64,374300
2016-07-20,3.66,3.77,3.65,3.73,531600
2016-07-21,3.72,3.91,3.7,3.86,1364100
2016-07-22,3.87,3.89,3.78,3.88,444500
2016-07-25,3.87,3.91,3.79,3.89,298400
2016-07-26,3.9,3.95,3.82,3.89,365800
2016-07-27,3.88,3.91,3.79,3.91,573900
2016-07-28,3.86,3.87,3.84,3.86,368900
2016-07-29,3.85,3.94,3.81,3.89,389300
2016-08-01,3.85,3.89,3.73,3.8,819200
2016-08-02,3.77,3.86,3.74,3.84,643800
2016-08-03,3.8,3.97,3.77,3.88,660000
2016-08-04,3.88,4,3.7,3.87,738900
2016-08-05,3.9,3.98,3.82,3.98,480300
2016-08-08,3.98,4.01,3.94,4,526900
2016-08-09,4.03,4.16,4,4.1,884700
2016-08-10,4.07,4.11,3.95,3.97,274000
2016-08-11,3.79,4.1,3.76,4.05,469800
2016-08-12,4.04,4.09,3.93,3.99,354400
2016-08-15,3.99,4.06,3.98,4,407800
2016-08-16,4,4,3.92,4,363900
2016-08-17,3.98,4,3.93,3.95,239200
2016-08-18,3.96,4,3.91,3.94,267800
2016-08-19,3.93,3.97,3.89,3.9,426700
2016-08-22,3.86,3.93,3.86,3.9,201800
2016-08-23,3.93,4,3.92,3.96,629200
2016-08-24,3.99,3.99,3.89,3.92,242600
2016-08-25,3.88,3.97,3.88,3.93,308000
2016-08-26,3.96,3.97,3.87,3.91,321700
2016-08-29,3.95,3.95,3.89,3.94,249300
2016-08-30,3.93,3.97,3.88,3.91,170100
2016-08-31,3.94,3.98,3.89,3.93,394700
2016-09-01,3.93,3.98,3.86,3.89,329200
2016-09-02,3.93,3.98,3.88,3.89,194900
2016-09-06,3.91,3.95,3.88,3.93,409700
2016-09-07,3.95,4.01,3.94,3.94,356900
2016-09-08,3.93,3.97,3.91,3.95,167900
2016-09-09,3.91,3.95,3.81,3.81,281400
2016-09-12,3.76,3.86,3.76,3.86,193900
2016-09-13,3.9,3.91,3.75,3.75,419300
2016-09-14,3.85,4.05,3.79,4.01,775800
2016-09-15,4.16,4.4,4.14,4.37,1145700
2016-09-16,4.37,4.4,4.13,4.23,932200
2016-09-19,4.25,4.4,4.25,4.4,567000
2016-09-20,4.41,4.49,4.36,4.41,810800
2016-09-21,4.43,4.5,4.38,4.5,801800
2016-09-22,4.5,4.51,4.45,4.49,793000
2016-09-23,4.45,4.51,4.39,4.49,677400
2016-09-26,4.48,4.59,4.42,4.45,843500
2016-09-27,4.42,4.52,4.42,4.49,713100
2016-09-28,4.48,4.58,4.44,4.54,713800
2016-09-29,4.55,4.57,4.49,4.52,404700
2016-09-30,4.52,4.56,4.48,4.49,640100
2016-10-03,4.52,4.63,4.48,4.62,753600
2016-10-04,4.6,4.67,4.57,4.6,521200
2016-10-05,4.64,4.69,4.6,4.64,324800
2016-10-06,4.64,4.71,4.55,4.59,517800
2016-10-07,4.57,4.67,4.54,4.59,408100
2016-10-10,4.58,4.7,4.45,4.65,390100
2016-10-11,4.62,4.66,4.41,4.43,392200
2016-10-12,4.41,4.55,4.37,4.45,375100
2016-10-13,4.43,4.53,4.38,4.41,469200
2016-10-14,4.39,4.39,4.07,4.14,1220700
2016-10-17,4.1,4.18,4.07,4.14,723600
2016-10-18,4.22,4.23,4.09,4.13,480500
2016-10-19,4.17,4.18,4.1,4.16,354300
2016-10-20,4.14,4.19,4.08,4.08,430800
2016-10-21,4.05,4.12,4.03,4.06,376400
2016-10-24,4.08,4.17,4.08,4.1,502900
2016-10-25,4.08,4.3,4.08,4.28,1854300
2016-10-26,4.3,4.34,4.21,4.25,803900
2016-10-27,4.26,4.27,4.17,4.18,318900
2016-10-28,4.19,4.21,4.03,4.05,346900
2016-10-31,4.06,4.23,4.02,4.21,756700
2016-11-01,4.18,4.26,4.05,4.07,582700
2016-11-02,4.1,4.38,4.05,4.33,1285000
2016-11-03,4.36,4.4,4.27,4.28,389500
2016-11-04,4.26,4.34,4.24,4.31,640000
2016-11-07,4.35,4.39,4.26,4.3,670000
2016-11-08,4.28,4.3,4.22,4.23,784400
2016-11-09,4.18,4.33,4.1,4.3,817900
2016-11-10,4.35,4.37,4.23,4.28,790700
2016-11-11,4.3,4.55,4.24,4.54,958200
2016-11-14,4.6,4.62,4.51,4.62,748000
2016-11-15,4.62,4.66,4.59,4.66,407000
2016-11-16,4.66,4.7,4.58,4.61,547600
2016-11-17,4.56,4.63,4.51,4.57,602000
2016-11-18,4.55,4.6,4.52,4.57,517800
2016-11-21,4.7,4.7,4.57,4.62,364600
2016-11-22,4.61,4.61,4.43,4.49,503000
2016-11-23,4.48,4.6,4.24,4.59,389500
2016-11-25,4.56,4.58,4.53,4.54,107300
2016-11-28,4.57,4.58,4.43,4.49,367500
2016-11-29,4.51,4.55,4.47,4.48,171800
2016-11-30,4.47,4.5,4.17,4.23,845600
2016-12-01,4.24,4.34,4.22,4.29,443700
2016-12-02,4.29,4.32,4.25,4.28,190100
2016-12-05,4.29,4.46,4.28,4.43,454000
2016-12-06,4.41,4.46,4.36,4.37,411000
2016-12-07,4.37,4.56,4.37,4.51,400400
2016-12-08,4.51,4.92,4.5,4.83,1113500
2016-12-09,4.83,4.89,4.76,4.88,642900
2016-12-12,4.92,4.92,4.72,4.73,861100
2016-12-13,4.75,5.02,4.75,4.97,1393500
2016-12-14,4.92,4.97,4.88,4.94,683400
2016-12-15,4.95,5.13,4.9,5.1,1136000
2016-12-16,5.15,5.2,5.01,5.03,3894800
2016-12-19,5.05,5.1,4.92,5.02,665600
2016-12-20,5.06,5.15,5,5.04,505800
2016-12-21,5.1,5.13,5,5.03,636700
2016-12-22,5.05,5.08,4.91,4.92,617300
2016-12-23,4.91,5.02,4.91,5,442200
2016-12-27,5.05,5.18,5,5.06,577500
2016-12-28,5.08,5.13,5,5.05,468600
2016-12-29,5.04,5.09,4.99,5.05,494200
2016-12-30,5.08,5.08,4.97,5.03,579000
2017-01-03,5.05,5.25,5.05,5.18,1279600
2017-01-04,5.25,5.27,5.14,5.17,689300
2017-01-05,5.12,5.22,5.1,5.15,561200
2017-01-06,5.17,5.3,5.15,5.28,1086900
2017-01-09,5.31,5.49,5.3,5.37,2113100
2017-01-10,5.39,5.45,5.31,5.34,832700
2017-01-11,5.36,5.43,5.32,5.38,1372500
2017-01-12,5.39,5.39,5.29,5.33,1038500
2017-01-13,5.39,5.45,5.34,5.35,1110800
2017-01-17,5.43,5.43,5.32,5.35,1167600
2017-01-18,5.36,5.44,5.32,5.38,537600
2017-01-19,5.38,5.4,5.29,5.32,657800
2017-01-20,5.32,5.42,5.32,5.34,846000
2017-01-23,5.37,5.37,5.26,5.28,858100
2017-01-24,5.29,5.41,5.22,5.41,749100
2017-01-25,5.45,5.6,5.41,5.58,1382600
2017-01-26,5.61,5.63,5.46,5.46,1000100
2017-01-27,5.49,5.55,5.45,5.49,616600
2017-01-30,5.48,5.54,5.34,5.51,953200
2017-01-31,5.47,5.53,5.41,5.53,948100
2017-02-01,5.5,5.53,5.22,5.28,1406800
2017-02-02,5.35,5.64,5.3,5.53,2954400
2017-02-03,5.61,5.61,5.46,5.55,1174100
2017-02-06,5.53,5.64,5.53,5.58,1107000
2017-02-07,5.58,5.64,5.55,5.57,1055600
2017-02-08,5.57,5.59,5.52,5.58,669500
2017-02-09,5.59,5.68,5.58,5.66,798100
2017-02-10,5.66,5.75,5.65,5.71,573000
2017-02-13,5.71,5.83,5.71,5.75,953600
2017-02-14,5.75,6.01,5.75,6,1313100
2017-02-15,6.04,6.25,6.02,6.16,1614400
2017-02-16,6.19,6.2,6.01,6.16,1322200
2017-02-17,6.16,6.2,6.12,6.19,828200
2017-02-21,6.28,6.48,6.2,6.46,2219200
2017-02-22,6.5,6.52,6.32,6.37,1131600
2017-02-23,6.37,6.43,6.18,6.22,1378200
2017-02-24,6.19,6.46,6.15,6.44,1859400
2017-02-27,6.43,6.63,6.35,6.56,2184600
2017-02-28,6.55,6.58,6.22,6.25,1691000
2017-03-01,6.37,6.41,6.27,6.34,1275800
2017-03-02,6.33,6.38,6.18,6.21,794900
2017-03-03,6.23,6.25,6.13,6.15,1139900
2017-03-06,6.11,6.13,6,6.05,1180900
2017-03-07,6.03,6.17,6.02,6.1,748800
2017-03-08,6.65,7.11,6.65,6.77,7891500
2017-03-09,6.76,6.76,6.57,6.72,1601700
2017-03-10,6.76,6.83,6.58,6.64,2349300
2017-03-13,6.64,6.75,6.58,6.62,1448000
2017-03-14,6.59,6.67,6.52,6.58,795100
2017-03-15,6.61,6.68,6.54,6.62,1144100
2017-03-16,6.64,6.76,6.62,6.71,1219200
2017-03-17,6.68,6.79,6.61,6.71,1946100
2017-03-20,6.7,6.75,6.64,6.69,1042200
2017-03-21,6.75,6.75,6.53,6.55,1159700
2017-03-22,6.55,6.55,6.35,6.44,1205600
2017-03-23,6.46,6.49,6.38,6.47,766400
2017-03-24,6.5,6.55,6.38,6.44,679900
2017-03-27,6.4,6.5,6.29,6.49,1177300
2017-03-28,6.47,6.6,6.46,6.53,1023000
2017-03-29,6.55,6.56,6.36,6.46,658700
2017-03-30,7.96,8.11,7.35,7.38,8374500
2017-03-31,7.39,7.52,7.32,7.51,3274700
2017-04-03,7.6,7.6,7.27,7.36,1482000
2017-04-04,7.25,7.47,7.16,7.18,1573500
2017-04-05,7.18,7.33,6.94,6.97,1275200
2017-04-06,6.95,7.09,6.91,7.08,1621300
2017-04-07,7.06,7.1,6.96,6.98,1090200
2017-04-10,7,7.05,6.85,6.9,1359200
2017-04-11,6.92,7.05,6.83,7.04,1656000
2017-04-12,7.02,7.05,6.88,6.98,1405500
2017-04-13,6.99,7.07,6.97,7.05,1372700
2017-04-17,7.05,7.22,7.05,7.2,1018100
2017-04-18,7.17,7.31,7.15,7.27,1410900
2017-04-19,7.33,7.42,7.25,7.41,1985700
2017-04-20,7.5,7.54,7.36,7.38,2022800
2017-04-21,7.38,7.43,7.35,7.36,995900
2017-04-24,7.46,7.64,7.42,7.63,1528200
2017-04-25,7.7,7.81,7.65,7.66,1872900
2017-04-26,7.68,7.88,7.6,7.81,1128500
2017-04-27,7.83,8,7.83,7.96,1428400
2017-04-28,8,8,7.78,7.82,1219300
2017-05-01,7.85,7.87,7.67,7.77,1439700
2017-05-02,7.77,7.85,7.58,7.68,1172300
2017-05-03,7.63,7.67,7.47,7.65,1158500
2017-05-04,7.8,9.07,7.79,8.53,4480300
2017-05-05,8.58,8.92,8.55,8.91,3351000
2017-05-08,8.88,9.24,8.84,9.19,2234500
2017-05-09,9.2,9.49,9.2,9.26,2366800
2017-05-10,9.25,9.32,9.1,9.29,1352300
2017-05-11,9.29,9.53,9.23,9.35,1819800
2017-05-12,9.35,9.35,9.19,9.24,1243800
2017-05-15,9.31,9.32,9.07,9.17,1978800
2017-05-16,9.21,9.32,9.13,9.31,1034600
2017-05-17,9.17,9.25,8.72,8.79,1618400
2017-05-18,8.75,8.97,8.65,8.95,2472100
2017-05-19,9,9.15,8.86,8.89,1884200
2017-05-22,8.95,9.23,8.92,9.21,1152800
2017-05-23,9.29,9.36,9.23,9.31,1253500
2017-05-24,9.31,9.56,9.3,9.38,1696600
2017-05-25,9.43,9.54,9.41,9.52,1354700
2017-05-26,9.55,9.6,9.35,9.56,1432800
2017-05-30,9.64,9.68,9.44,9.55,3855100
2017-05-31,9.59,9.68,9.4,9.63,2011600
2017-06-01,9.76,10,9.7,9.99,2948300
2017-06-02,10.05,10.38,9.99,10.23,2844200
2017-06-05,10.25,10.63,10.2,10.54,2630600
2017-06-06,10.47,10.73,10.33,10.34,2181500
2017-06-07,10.35,10.57,10.21,10.49,1540000
2017-06-08,10.52,10.7,10.51,10.7,1179000
2017-06-09,10.92,11.03,9.72,10.12,3566100
2017-06-12,10.11,10.12,9.13,9.83,3430700
2017-06-13,9.93,10.23,9.72,9.8,1470100
2017-06-14,9.83,10,9.61,9.78,976500
2017-06-15,9.61,9.68,9.17,9.67,1472600
2017-06-16,9.52,9.78,9.52,9.61,1403200
2017-06-19,9.74,10.09,9.65,10.03,1526200
2017-06-20,10.11,10.24,10.01,10.02,1067300
2017-06-21,10.05,10.3,10.02,10.26,834300
2017-06-22,10.25,10.33,10.06,10.22,1671900
2017-06-23,10.21,10.34,10.11,10.23,1780600
2017-06-26,10.31,10.35,9.89,10.11,2035800
2017-06-27,10.04,10.15,9.82,9.82,1014400
2017-06-28,9.88,10.03,9.68,10.01,900600
2017-06-29,9.94,9.94,9.36,9.5,1518600
2017-06-30,9.53,9.59,9.19,9.22,1653500
2017-07-03,9.25,9.33,8.91,9.12,824700
2017-07-05,9.12,9.25,9.02,9.13,1118000
2017-07-06,9.03,9.12,8.91,8.99,1141000
2017-07-07,8.98,9.36,8.98,9.31,825700
2017-07-10,9.32,9.57,9.23,9.51,997500
2017-07-11,9.55,9.66,9.35,9.46,1086600
2017-07-12,9.63,9.83,9.6,9.6,1128700
2017-07-13,9.67,9.7,9.43,9.51,767700
2017-07-14,9.52,9.62,9.38,9.48,837800
2017-07-17,9.46,9.66,9.4,9.57,833200
2017-07-18,9.58,9.6,9.32,9.43,1349800
2017-07-19,9.43,9.6,9.32,9.51,1183900
2017-07-20,9.55,9.72,9.48,9.64,749400
2017-07-21,9.66,9.73,9.48,9.55,907700
2017-07-24,9.59,9.63,9.37,9.52,740100
2017-07-25,9.52,9.6,9.32,9.38,595700
2017-07-26,9.45,9.48,9.21,9.36,948800
2017-07-27,9.41,9.41,8.98,9.1,1770100
2017-07-28,9.03,9.14,8.93,9.03,835000
2017-07-31,9.03,9.19,8.77,8.79,1099500
2017-08-01,8.75,8.9,8.4,8.88,1442800
2017-08-02,8.93,9,8.61,8.72,1055400
2017-08-03,8.76,8.93,8.76,8.86,916000
2017-08-04,8.65,8.92,8.62,8.87,855500
2017-08-07,8.87,9,8.82,9,749900
2017-08-08,9.01,9.11,8.9,9.05,746100
2017-08-09,8.96,8.98,8.81,8.9,1014600
2017-08-10,8.83,8.83,8.47,8.48,1152000
2017-08-11,8.49,8.72,8.49,8.63,993300
2017-08-14,8.7,9.39,8.68,9.32,3516900
2017-08-15,10.31,10.69,10.05,10.39,7689700
2017-08-16,10.45,10.48,10.16,10.45,2706800
2017-08-17,10.22,10.79,10.14,10.55,3271300
2017-08-18,10.5,10.74,10.45,10.68,2075600
2017-08-21,10.65,10.88,10.38,10.4,2387700
2017-08-22,10.48,10.69,10.44,10.65,2338000
2017-08-23,10.54,10.95,10.47,10.9,1424900
2017-08-24,10.66,10.9,10.6,10.69,1615200
2017-08-25,10.77,10.97,10.72,10.84,975700
2017-08-28,10.87,11.21,10.83,11.14,4471800
2017-08-29,11.02,11.55,10.95,11.26,2441100
2017-08-30,11.36,11.66,11.32,11.46,2143200
2017-08-31,11.53,11.59,11.17,11.43,2078000
2017-09-01,11.5,11.59,11.32,11.51,934300
2017-09-05,11.52,11.64,11.34,11.49,1159100
2017-09-06,11.54,11.74,11.21,11.27,1144200
2017-09-07,11.33,11.36,11.1,11.23,734000
2017-09-08,11.17,11.41,11.12,11.27,803800
2017-09-11,11.58,11.88,11.45,11.84,1784100
2017-09-12,11.9,11.9,11.52,11.67,1225700
2017-09-13,11.64,11.64,11.27,11.28,1632600
2017-09-14,11.26,11.49,11.05,11.33,1063100
2017-09-15,11.33,11.42,11.08,11.23,1788400
2017-09-18,11.23,11.82,11.2,11.7,3270000
2017-09-19,11.79,11.93,11.63,11.75,1331600
2017-09-20,11.8,11.81,11.61,11.73,1273300
2017-09-21,11.73,11.76,11.46,11.51,738600
2017-09-22,11.4,11.83,11.26,11.71,860300
2017-09-25,11.69,11.82,11.41,11.62,950500
2017-09-26,11.7,11.82,11.5,11.59,766600
2017-09-27,11.66,11.99,11.66,11.84,1516600
2017-09-28,11.82,11.89,11.73,11.84,1083500
2017-09-29,11.9,12.14,11.8,11.89,1789400
2017-10-02,11.97,12.17,11.87,12.14,1148000
2017-10-03,12.45,13.2,12.36,12.6,2987200
2017-10-04,12.58,12.75,12.5,12.58,1115700
2017-10-05,12.62,12.74,12.44,12.44,844900
2017-10-06,12.47,12.51,12.21,12.47,1440500
2017-10-09,12.53,12.7,12.44,12.64,909500
2017-10-10,12.75,12.76,12.12,12.34,1316400
2017-10-11,12.36,12.4,12.17,12.26,857500
2017-10-12,12.21,12.34,12.08,12.14,848000
2017-10-13,12.18,12.21,12.02,12.14,701700
2017-10-16,12.19,12.25,11.83,11.9,1673700
2017-10-17,11.85,11.94,11.62,11.83,1100900
2017-10-18,11.9,11.9,11.39,11.44,2291800
2017-10-19,11.36,11.5,11.14,11.32,1602700
2017-10-20,11.39,11.78,11.2,11.54,1283300
2017-10-23,11.54,11.66,11.38,11.42,1113500
2017-10-24,11.41,11.74,11.39,11.62,841200
2017-10-25,11.62,11.86,11.33,11.53,885200
2017-10-26,11.52,11.8,11.5,11.67,1001600
2017-10-27,11.78,12.23,11.71,12.03,1203200
2017-10-30,11.97,12.24,11.81,12,974700
2017-10-31,12.09,12.15,11.97,12,1065500
2017-11-01,12.04,12.14,11.72,11.88,922900
2017-11-02,11.83,11.91,11.64,11.85,854000
2017-11-03,11.93,11.96,11.71,11.92,758200
2017-11-06,11.96,12.02,11.69,11.79,966700
2017-11-07,11.8,11.9,11.58,11.81,1521300
2017-11-08,11.31,11.99,10.12,11.86,4101300
2017-11-09,11.63,11.81,11.11,11.43,1770400
2017-11-10,11.46,11.49,11.15,11.24,1455400
2017-11-13,11.14,11.65,10.82,11.56,1895900
2017-11-14,11.55,11.96,11.33,11.87,1879300
2017-11-15,11.75,11.89,11.54,11.83,2124500
2017-11-16,11.83,12.93,11.73,12.83,4303700
2017-11-17,12.86,13.05,12.72,12.81,3152700
2017-11-20,12.81,13.06,12.46,12.97,2055400
2017-11-21,13.05,13.99,12.99,13.91,2966000
2017-11-22,14,14.34,13.53,13.55,2645100
2017-11-24,13.67,13.98,13.5,13.71,869500
2017-11-27,13.81,14.17,13.66,13.76,1840600
2017-11-28,13.94,14,13.71,13.85,1836400
2017-11-29,13.93,14.03,12.09,12.54,3053600
2017-11-30,12.75,13.15,12.57,12.85,1949300
2017-12-01,12.68,12.99,12.18,12.91,2085000
2017-12-04,13.44,13.58,12.54,12.73,2406300
2017-12-05,12.71,13.23,12.67,12.92,1517300
2017-12-06,12.92,13.07,12.66,12.72,1192000
2017-12-07,12.8,13.25,12.74,12.98,2054300
2017-12-08,13.26,13.35,12.55,12.56,1905800
2017-12-11,12.55,12.75,12.33,12.6,946800
2017-12-12,12.61,12.71,12.27,12.42,1429500
2017-12-13,12.46,12.87,12.4,12.7,942300
2017-12-14,12.77,12.8,12.29,12.34,1422200
2017-12-15,12.4,12.52,11.67,12.02,3826000
2017-12-18,12.08,12.49,12.08,12.34,1614600
2017-12-19,12.38,12.62,12.36,12.45,1147500
2017-12-20,12.74,12.96,12.56,12.59,1488800
2017-12-21,12.59,12.64,12.47,12.52,1244100
2017-12-22,12.5,12.77,12.48,12.55,1473200
2017-12-26,12.53,12.57,12.32,12.41,1888100
2017-12-27,12.47,12.73,12.45,12.58,1414500
2017-12-28,12.62,12.75,12.57,12.64,708000
2017-12-29,12.71,12.71,12.41,12.52,1001100
2018-01-02,12.63,12.73,12.46,12.7,1221600
2018-01-03,13.06,13.17,12.64,12.7,2425000
2018-01-04,12.74,13.33,12.72,13.25,1869800
2018-01-05,13.37,13.47,13.16,13.43,1528600
2018-01-08,13.42,13.45,13.12,13.22,989600
2018-01-09,13.22,13.29,12.74,12.76,2177300
2018-01-10,12.71,12.85,12.56,12.8,1589900
2018-01-11,12.89,13.18,12.83,13.16,1612600
2018-01-12,13.23,13.45,13.07,13.33,1208900
2018-01-16,13.45,13.51,12.7,12.79,1686800
2018-01-17,12.9,13.51,12.86,13.48,1548300
2018-01-18,13.45,13.85,13.33,13.49,1599700
2018-01-19,13.5,13.82,13.46,13.8,1262600
2018-01-22,13.69,13.9,13.46,13.76,1026600
2018-01-23,13.79,14.15,13.56,14.03,1493200
2018-01-24,14.05,14.6,13.89,14.06,2417100
2018-01-25,14.18,14.32,13.59,13.66,1605200
2018-01-26,13.73,13.93,13.68,13.85,690700
2018-01-29,13.79,13.88,13.53,13.76,1045900
2018-01-30,14.49,15.37,14.45,15.08,12526800
2018-01-31,15.19,15.55,14.88,15.03,21993300
2018-02-01,14.84,15.04,14.64,14.82,2748800
2018-02-02,14.62,14.75,14.21,14.3,3253800
2018-02-05,13.96,14.22,13.3,13.46,3758300
2018-02-06,13.21,13.9,13.1,13.77,3758200
2018-02-07,13.53,13.59,11.38,11.64,11303000
2018-02-08,11.8,12.08,10.69,10.77,6116000
2018-02-09,10.9,11.08,10.23,10.53,4862600
2018-02-12,10.62,11.14,10.53,11.13,3914600
2018-02-13,10.99,11.67,10.99,11.65,3938200
2018-02-14,11.5,12.21,11.47,12.1,3392600
2018-02-15,12.2,12.46,11.72,12.19,1958000
2018-02-16,12.19,12.38,11.97,12.05,1563400
2018-02-20,11.97,12.32,11.95,12.2,1407000
2018-02-21,12.26,12.41,11.95,11.96,1310000
2018-02-22,12.06,12.1,11.55,11.65,2042800
2018-02-23,11.6,11.86,11.55,11.76,1182600
2018-02-26,11.88,12.04,11.79,11.98,960200
2018-02-27,11.95,12.08,11.8,11.83,926500
2018-02-28,11.86,11.95,11.39,11.41,1550000
2018-03-01,11.38,11.5,10.81,11.16,1878300
2018-03-02,11,11.37,10.77,11.34,1300700
2018-03-05,11.24,11.73,11.2,11.71,1766500
2018-03-06,11.75,11.86,11.5,11.65,1386500
2018-03-07,11.53,12.18,11.5,12.08,1503500
2018-03-08,12.15,12.46,12.15,12.37,1381000
2018-03-09,12.45,12.68,12.36,12.6,1235800
2018-03-12,12.69,12.99,12.64,12.79,2072400
2018-03-13,12.83,12.99,12.36,12.69,1825700
2018-03-14,12.75,12.82,12.52,12.74,1421000
2018-03-15,12.75,12.86,12.61,12.74,1157900
2018-03-16,12.72,12.73,12.46,12.68,3034900
2018-03-19,12.63,12.63,12.14,12.44,1699300
2018-03-20,12.42,12.83,12.36,12.8,1134200
2018-03-21,12.81,13.05,12.68,12.83,2403200
2018-03-22,12.65,12.7,12.35,12.44,1552400
2018-03-23,12.45,12.5,12.13,12.13,2023400
2018-03-26,12.37,12.47,11.85,12.17,1012800
2018-03-27,12.28,12.34,11.47,11.56,1367600
2018-03-28,11.56,11.64,10.88,10.98,1661900
2018-03-29,11.11,11.3,10.94,11.07,1584600
2018-04-02,11.07,11.09,10.43,10.58,1403200
2018-04-03,10.7,10.9,10.26,10.33,1923800
2018-04-04,10.14,10.86,10.05,10.83,1674700
2018-04-05,10.94,11,10.63,10.79,1146300
2018-04-06,10.7,10.83,10.4,10.52,1272400
2018-04-09,10.64,10.8,10.4,10.58,1319800
2018-04-10,10.75,10.96,10.52,10.81,2678800
2018-04-11,10.76,11.29,10.66,10.74,2728900
2018-04-12,10.86,11.27,10.75,11.07,1263300
2018-04-13,11.19,11.19,10.42,10.43,2312100
2018-04-16,10.52,10.62,10.08,10.28,2299900
2018-04-17,10.37,10.92,10.34,10.85,2251200
2018-04-18,10.9,10.91,10.58,10.85,1070000
2018-04-19,10.78,10.97,10.7,10.92,982000
2018-04-20,10.9,11.05,10.85,10.87,1114300
2018-04-23,10.89,11.02,10.78,10.81,651000
2018-04-24,10.91,11.05,10.56,10.7,904800
2018-04-25,10.73,10.88,10.41,10.67,1196600
2018-04-26,10.72,10.9,10.49,10.71,1170000
2018-04-27,10.75,10.84,10.45,10.64,902300
2018-04-30,10.67,10.82,10.54,10.7,1330100
2018-05-01,10.65,10.85,10.46,10.84,902500
2018-05-02,10.84,11.08,10.69,10.8,880400
2018-05-03,10.78,10.83,10.53,10.65,1398000
2018-05-04,10.62,11.09,10.62,10.94,1319500
2018-05-07,11.09,11.67,10.91,11.39,1944100
2018-05-08,11.34,11.76,11.3,11.75,2255700
2018-05-09,8.65,9.33,8.6,8.71,14172500
2018-05-10,8.72,8.92,8.51,8.77,5344900
2018-05-11,8.82,8.87,8.27,8.35,4060100
2018-05-14,8.42,8.53,8.1,8.13,3488700
2018-05-15,8.31,8.68,8.25,8.57,3359400
2018-05-16,8.64,8.82,8.48,8.75,2757500
2018-05-17,8.87,9.24,8.85,9.11,4226200
2018-05-18,9.12,9.25,8.92,9.18,2498200
2018-05-21,9.27,9.39,9.06,9.15,1668600
2018-05-22,9.16,9.29,9.07,9.21,1615200
2018-05-23,9.11,9.41,9.02,9.14,3220700
2018-05-24,9.16,9.16,8.82,9,4152900
2018-05-25,8.94,9.09,8.9,8.99,3056500
2018-05-29,9,9.14,8.93,9.05,2194500
2018-05-30,9.06,9.11,8.56,8.64,3105100
2018-05-31,8.67,8.82,8.51,8.61,2395900
2018-06-01,8.68,8.89,8.59,8.88,1794400
2018-06-04,8.9,9.06,8.72,9.02,2128900
2018-06-05,9.04,9.06,8.8,8.84,3125700
2018-06-06,8.84,8.87,8.56,8.58,3095000
2018-06-07,8.6,8.67,8.51,8.62,2129900
2018-06-08,8.62,8.82,8.5,8.76,2739300
2018-06-11,8.75,9.04,8.75,9,1685400
2018-06-12,8.98,9.33,8.93,9.24,2356100
2018-06-13,9.23,9.35,9.07,9.16,1990200
2018-06-14,9.17,9.32,9.04,9.06,1376600
2018-06-15,9.02,9.07,8.83,9.05,1822300
2018-06-18,8.96,9,8.75,8.88,1821700
2018-06-19,8.74,8.8,8.59,8.69,1786300
2018-06-20,8.72,8.84,8.66,8.74,1697100
2018-06-21,8.77,8.84,8.62,8.64,1538800
2018-06-22,8.66,8.71,8.54,8.59,2488000
2018-06-25,8.55,8.6,8.17,8.23,2753300
2018-06-26,8.25,8.43,8.19,8.21,2141900
2018-06-27,8.22,8.26,7.83,7.83,2793700
2018-06-28,7.81,8.2,7.63,7.89,5761200
2018-06-29,7.89,8.05,7.75,7.96,2404900
2018-07-02,7.9,8.42,7.9,8.41,1800000
2018-07-03,8.43,8.49,8.18,8.37,1286000
2018-07-05,8.4,8.49,8.1,8.31,1730400
2018-07-06,8.29,8.6,8.26,8.57,1130200
2018-07-09,8.63,8.64,8.49,8.61,990900
2018-07-10,8.65,8.72,8.57,8.66,1401200
2018-07-11,8.59,8.69,8.48,8.55,1711000
2018-07-12,8.64,8.78,8.58,8.66,1547700
2018-07-13,8.69,8.87,8.46,8.5,1734700
2018-07-16,8.5,8.61,8.41,8.51,939700
2018-07-17,8.45,8.64,8.44,8.63,629700
2018-07-18,8.6,8.67,8.57,8.65,1525800
2018-07-19,8.64,9.03,8.6,8.89,1433900
2018-07-20,8.85,8.93,8.74,8.84,715000
2018-07-23,8.79,8.88,8.63,8.85,835400
2018-07-24,8.91,9.03,8.75,8.83,912900
2018-07-25,8.77,8.81,8.41,8.71,3353100
2018-07-26,8.68,9.01,8.65,8.84,1284400
2018-07-27,8.84,8.91,8.43,8.5,1086500
2018-07-30,8.51,8.59,8.39,8.41,1026400
2018-07-31,8.41,8.6,8.34,8.5,1193800
2018-08-01,8.34,8.61,8.2,8.28,2131200
2018-08-02,8.25,8.51,8.22,8.44,2603600
2018-08-03,8.45,8.55,8.32,8.37,1959400
2018-08-06,8.4,8.81,8.36,8.79,1706400
2018-08-07,8.79,9.08,8.79,8.96,2400400
2018-08-08,6.75,6.83,5.35,6.09,15618100
2018-08-09,6.13,6.34,5.92,6.24,3902000
2018-08-10,6.2,6.52,6.15,6.46,4131300
2018-08-13,6.46,6.48,6.21,6.35,2658300
2018-08-14,6.35,6.5,6.28,6.39,2427200
2018-08-15,6.35,6.39,6.04,6.28,1438800
2018-08-16,6.34,6.35,6.19,6.24,1808200
2018-08-17,6.26,6.28,6.13,6.26,2096000
2018-08-20,6.26,6.46,6.22,6.35,1406700
2018-08-21,6.33,6.39,6.22,6.38,2605500
2018-08-22,6.36,6.44,6.25,6.28,1474700
2018-08-23,6.26,6.38,6.12,6.14,1846200
2018-08-24,6.11,6.25,6.11,6.2,1474700
2018-08-27,6.24,6.35,6.2,6.31,1327000
2018-08-28,6.31,6.37,6.25,6.34,865800
2018-08-29,6.32,6.44,6.32,6.4,2663300
2018-08-30,6.42,6.42,6.19,6.21,1001100
2018-08-31,6.18,6.3,6.18,6.27,1030700
2018-09-04,6.24,6.24,5.96,6.01,1840300
2018-09-05,6.02,6.1,5.89,6.06,3044900
2018-09-06,6.05,6.05,5.76,5.8,2363300
2018-09-07,5.76,6.12,5.76,5.99,1786600
2018-09-10,6.01,6.09,5.85,5.95,1017500
2018-09-11,5.94,5.97,5.76,5.85,853300
2018-09-12,5.84,5.89,5.73,5.84,1335100
2018-09-13,5.88,5.99,5.82,5.82,908100
2018-09-14,5.8,6.06,5.72,5.74,2318700
2018-09-17,5.71,5.75,5.46,5.48,3658300
2018-09-18,5.45,5.66,5.25,5.63,3133800
2018-09-19,5.6,5.74,5.53,5.72,1397900
2018-09-20,5.72,5.94,5.64,5.93,765900
2018-09-21,5.93,5.96,5.82,5.92,1491200
2018-09-24,5.87,5.92,5.73,5.75,1137900
2018-09-25,5.74,5.9,5.73,5.84,1067300
2018-09-26,5.83,5.84,5.53,5.54,1260800
2018-09-27,5.54,5.54,5.42,5.53,1024200
2018-09-28,5.48,5.56,5.44,5.48,981800
2018-10-01,5.54,5.57,5.38,5.53,1652800
2018-10-02,5.5,5.62,5.47,5.54,1301800
2018-10-03,5.57,5.65,5.49,5.56,860900
2018-10-04,5.55,5.71,5.47,5.71,1397300
2018-10-05,5.71,5.71,5.49,5.5,2252500
2018-10-08,5.46,5.53,5.15,5.17,1896000
2018-10-09,5.17,5.24,4.95,5.08,1764100
2018-10-10,5.04,5.05,4.87,4.88,1559500
2018-10-11,4.87,5.01,4.81,4.82,1772200
2018-10-12,4.93,5.14,4.87,5.08,1565900
2018-10-15,5.08,5.18,4.99,5.06,1528300
2018-10-16,5.12,5.33,5.08,5.28,1757600
2018-10-17,5.29,5.55,5.06,5.54,1984500
2018-10-18,5.52,5.52,5.16,5.17,1016100
2018-10-19,5.17,5.25,4.93,4.97,1709400
2018-10-22,4.97,5.1,4.89,5.09,1507200
2018-10-23,4.96,5.12,4.93,5.07,1982700
2018-10-24,5.1,5.2,5.02,5.08,1507500
2018-10-25,5.1,5.31,5.1,5.21,1319400
2018-10-26,5.1,5.29,4.99,5.19,1342400
2018-10-29,5.27,5.29,4.88,4.96,1812600
2018-10-30,4.92,5.17,4.91,5.11,1795500
2018-10-31,5.21,5.62,5.19,5.55,1882400
2018-11-01,5.57,5.9,5.53,5.87,1995800
2018-11-02,6.13,6.95,6.12,6.54,4345100
2018-11-05,6.69,6.78,6.53,6.73,5606700
2018-11-06,6.67,6.86,6.6,6.69,2959700
2018-11-07,6.73,6.75,6.38,6.55,2578100
2018-11-08,6.53,6.71,6.47,6.67,1774400
2018-11-09,6.62,6.72,6.44,6.57,1692600
2018-11-12,6.51,6.6,6.25,6.26,1764100
2018-11-13,6.26,6.47,6.26,6.28,1412200
2018-11-14,6.34,6.43,6.23,6.26,1389000
2018-11-15,6.25,6.48,6.25,6.46,1726700
2018-11-16,6.36,6.47,6.22,6.44,1847300
2018-11-19,6.4,6.44,6.18,6.19,1463500
2018-11-20,6.04,6.18,5.87,5.87,1719400
2018-11-21,5.96,6.23,5.94,6.06,1405800
2018-11-23,6.01,6.28,6.01,6.18,750500
2018-11-26,6.28,6.28,6.06,6.19,1633000
2018-11-27,6.12,6.36,6.12,6.28,1622200
2018-11-28,6.33,6.47,6.26,6.46,1454700
2018-11-29,6.41,6.51,6.32,6.47,1047000
2018-11-30,6.46,6.6,6.4,6.58,1739500
2018-12-03,6.65,6.81,6.51,6.58,1816800
2018-12-04,6.53,6.57,6.01,6.02,2257900
2018-12-06,5.88,6.22,5.85,6.22,1819600
2018-12-07,6.18,6.22,5.71,5.82,2080300
2018-12-10,5.82,6.17,5.82,6.12,1560500
2018-12-11,6.23,6.23,6.05,6.13,769800
2018-12-12,6.19,6.35,6.16,6.28,1470300
2018-12-13,6.3,6.41,6.06,6.08,580600
2018-12-14,6,6.14,5.9,5.96,686200
2018-12-17,5.95,6.09,5.76,5.81,1432300
2018-12-18,5.87,5.98,5.74,5.76,1122800
2018-12-19,5.74,5.95,5.63,5.75,2168800
2018-12-20,5.71,5.8,5.35,5.44,1815700
2018-12-21,5.48,5.49,5.15,5.18,3700900
2018-12-24,5.1,5.44,5.09,5.35,830600
2018-12-26,5.4,5.66,5.3,5.64,909600
2018-12-27,5.52,5.68,5.4,5.68,874100
2018-12-28,5.7,5.93,5.65,5.78,1316300
2018-12-31,5.83,6.11,5.79,6.1,1604200
2019-01-02,5.97,6.2,5.92,6.15,1922800
2019-01-03,6.12,6.12,5.79,5.83,1055700
2019-01-04,5.95,6.2,5.86,6.05,2013200
2019-01-07,6.07,6.21,6.07,6.16,2254700
2019-01-08,6.19,6.34,6.17,6.29,2096600
2019-01-09,6.3,6.39,6.29,6.32,1053400
2019-01-10,6.27,6.37,6.2,6.33,977100
2019-01-11,6.29,6.36,6.21,6.34,680300
2019-01-14,6.31,6.37,6.21,6.22,655900
2019-01-15,6.26,6.4,6.18,6.36,790900
2019-01-16,6.48,6.5,6.22,6.23,1030500
2019-01-17,6.2,6.37,6.18,6.35,1227400
2019-01-18,6.38,6.53,6.32,6.46,1703300
2019-01-22,6.39,6.52,6.31,6.39,1459000
2019-01-23,6.44,6.57,6.35,6.56,871000
2019-01-24,6.58,6.81,6.57,6.66,1346800
2019-01-25,6.72,6.83,6.69,6.77,1247400
2019-01-28,6.7,6.89,6.58,6.79,1738400
2019-01-29,6.77,7.03,6.3,6.93,3375200
2019-01-30,7.08,7.55,6.87,7.4,4171900
2019-01-31,7.35,7.62,7.3,7.56,2422800
2019-02-01,7.47,7.63,7.25,7.31,1702000
2019-02-04,7.31,7.49,7.3,7.39,1250300
2019-02-05,7.41,7.55,7.38,7.47,1182700
2019-02-06,7.45,7.57,7.35,7.42,1110400
2019-02-07,7.36,7.46,7.18,7.27,2236500
2019-02-08,7.2,7.36,7.19,7.28,1101500
2019-02-11,7.33,7.47,7.28,7.44,1217100
2019-02-12,7.5,7.58,7.44,7.45,1356600
2019-02-13,7.47,7.55,7.44,7.5,1735400
2019-02-14,7.55,7.83,7.55,7.68,2344800
2019-02-15,7.74,7.95,7.67,7.85,1544300
2019-02-19,7.85,8.12,7.79,8.01,1761300
2019-02-20,8.16,8.34,8.07,8.27,1881000
2019-02-21,8.26,8.36,8.21,8.3,1533400
2019-02-22,8.3,8.5,8.3,8.43,1820300
2019-02-25,8.42,8.59,8.32,8.32,2268300
2019-02-26,8.31,8.53,8.28,8.45,1912300
2019-02-27,8.43,8.51,8.34,8.42,1021100
2019-02-28,8.37,8.39,8.09,8.22,2840000
2019-03-01,8.3,8.33,8.14,8.2,1058400
2019-03-04,8.25,8.27,8.01,8.08,893700
2019-03-05,8.1,8.13,8.01,8.02,874000
2019-03-06,8.02,8.05,7.81,7.81,1448700
2019-03-07,7.79,7.86,7.55,7.56,1275500
2019-03-08,7.48,7.57,7.46,7.55,1723600
2019-03-11,7.58,7.72,7.58,7.71,1545400
2019-03-12,7.71,7.76,7.61,7.64,1706100
2019-03-13,7.66,7.89,7.66,7.72,1169600
2019-03-14,7.72,7.78,7.61,7.61,617400
2019-03-15,7.63,7.86,7.63,7.69,1805100
2019-03-18,7.69,7.83,7.57,7.62,1359300
2019-03-19,7.65,7.72,7.55,7.57,1083300
2019-03-20,7.55,7.64,7.44,7.53,1888400
2019-03-21,7.51,7.84,7.51,7.79,1573600
2019-03-22,7.72,7.81,7.34,7.35,857300
2019-03-25,7.33,7.39,7.16,7.31,1070500
2019-03-26,7.35,7.53,7.31,7.45,1450500
2019-03-27,7.42,7.51,7.2,7.29,2267400
2019-03-28,7.3,7.52,7.3,7.46,725800
2019-03-29,7.52,7.63,7.4,7.49,787500
2019-04-01,7.49,7.75,7.46,7.69,588600
2019-04-02,7.71,7.81,7.6,7.78,1069500
2019-04-03,7.87,7.98,7.8,7.86,685800
2019-04-04,7.86,7.99,7.82,7.9,789100
2019-04-05,7.95,8,7.82,7.87,646800
2019-04-08,7.82,7.83,7.6,7.62,1263800
2019-04-09,7.57,7.62,7.39,7.48,1618800
2019-04-10,7.49,7.65,7.42,7.58,1545500
2019-04-11,7.6,7.8,7.51,7.66,1407700
2019-04-12,7.71,7.82,7.67,7.72,1257100
2019-04-15,7.71,7.8,7.63,7.64,514200
2019-04-16,7.67,7.97,7.63,7.87,1061800
2019-04-17,7.95,8.01,7.73,7.75,1019900
2019-04-18,7.73,7.78,7.54,7.75,923200
2019-04-22,7.7,7.89,7.68,7.72,1734300
2019-04-23,7.74,7.97,7.69,7.97,1281600
2019-04-24,7.94,8.28,7.92,8.26,2132500
2019-04-25,8.2,8.25,7.95,7.98,982900
2019-04-26,7.93,7.99,7.8,7.99,1042700
2019-04-29,7.99,8.27,7.87,8.11,1958400
2019-04-30,8.08,8.18,7.88,8,1884400
2019-05-01,6.85,7.28,6.3,6.84,6248500
2019-05-02,7.01,7.01,6.37,6.39,3224000
2019-05-03,6.45,6.75,6.42,6.72,1854300
2019-05-06,6.53,6.71,6.53,6.64,1216200
2019-05-07,6.52,6.63,6.44,6.52,1226300
2019-05-08,6.46,6.64,6.42,6.43,1387300
2019-05-09,6.38,6.4,6.24,6.31,1094900
2019-05-10,6.26,6.42,6.18,6.4,1168400
2019-05-13,6.21,6.3,6.09,6.12,1097500
2019-05-14,6.13,6.29,6.12,6.23,796500
2019-05-15,6.16,6.28,6.16,6.21,714600
2019-05-16,6.24,6.33,6.21,6.31,707800
2019-05-17,6.22,6.29,6.01,6.07,1172200
2019-05-20,6,6.16,5.89,6.03,1130000
2019-05-21,6.1,6.23,6.04,6.14,1295500
2019-05-22,6.09,6.14,6,6.02,1135100
2019-05-23,5.9,6.01,5.84,5.84,987200
2019-05-24,5.92,5.98,5.87,5.89,855100
2019-05-28,5.91,5.99,5.77,5.79,639900
2019-05-29,5.75,5.78,5.67,5.69,1530700
2019-05-30,5.71,5.85,5.71,5.75,1321500
2019-05-31,5.64,5.67,5.58,5.63,968400
2019-06-03,5.67,5.69,5.37,5.41,1524800
2019-06-04,5.48,5.68,5.45,5.65,2231000
2019-06-05,5.69,5.85,5.59,5.8,1539800
2019-06-06,5.79,5.82,5.59,5.65,659700
2019-06-07,5.66,5.89,5.6,5.85,1416500
2019-06-10,5.89,6.03,5.78,5.79,1242400
2019-06-11,5.86,5.95,5.77,5.85,951700
2019-06-12,5.83,5.9,5.73,5.76,567200
2019-06-13,5.8,5.98,5.8,5.94,770700
2019-06-14,5.92,5.92,5.56,5.58,1049400
2019-06-17,5.6,5.73,5.56,5.6,1016400
2019-06-18,5.66,5.85,5.66,5.7,1105700
2019-06-19,5.75,5.86,5.7,5.84,769400
2019-06-20,5.91,5.97,5.78,5.8,723200
2019-06-21,5.78,5.84,5.63,5.72,1668800
2019-06-24,5.72,5.78,5.49,5.64,2836000
2019-06-25,5.65,5.86,5.63,5.73,1715700
2019-06-26,5.98,6.15,5.86,5.99,2449700
2019-06-27,6.06,6.21,5.99,6.2,1971900
2019-06-28,6.25,6.52,6.15,6.47,2269600
2019-07-01,6.68,6.68,6.5,6.59,962000
2019-07-02,6.55,6.59,6.45,6.51,670400
2019-07-03,6.55,6.57,6.49,6.52,277700
2019-07-05,6.47,6.57,6.47,6.5,675100
2019-07-08,6.43,6.57,6.38,6.46,762900
2019-07-09,6.46,6.6,6.43,6.59,530500
2019-07-10,6.64,6.68,6.49,6.6,859700
2019-07-11,6.64,6.7,6.54,6.69,869000
2019-07-12,6.71,6.8,6.67,6.77,708400
2019-07-15,6.8,6.86,6.71,6.74,583200
2019-07-16,6.75,6.77,6.69,6.74,726600
2019-07-17,6.72,6.91,6.7,6.87,904000
2019-07-18,6.87,7.02,6.86,7,794700
2019-07-19,6.96,7.08,6.93,7,671100
2019-07-22,7.06,7.14,7.01,7.04,665600
2019-07-23,7.1,7.11,6.97,7.06,673100
2019-07-24,7,7.26,6.96,7.25,1213900
2019-07-25,7.31,7.31,7.02,7.06,1198700
2019-07-26,7.13,7.17,7.06,7.16,1064900
2019-07-29,7.2,7.23,7.09,7.19,1065500
2019-07-30,7.16,7.4,7.11,7.36,1546000
2019-07-31,8.07,8.5,7.54,8.14,4011700
2019-08-01,8.24,8.5,8.21,8.37,3391100
2019-08-02,8.3,8.39,7.93,8.25,1968600
2019-08-05,8.08,8.13,7.89,8.11,1187900
2019-08-06,8.16,8.19,8,8.07,1127300
2019-08-07,8,8.07,7.91,8.05,1436000
2019-08-08,8.09,8.21,7.95,8.16,784600
2019-08-09,8.13,8.18,8.05,8.1,921300
2019-08-12,8,8.04,7.7,7.81,1103500
2019-08-13,7.83,7.96,7.76,7.89,867100
2019-08-14,7.73,7.79,7.49,7.59,869000
2019-08-15,7.72,7.72,7.33,7.4,690000
2019-08-16,7.33,7.44,7.22,7.38,1120300
2019-08-19,7.44,7.63,7.4,7.51,873200
2019-08-20,7.51,7.51,7.31,7.38,1019000
2019-08-21,7.4,7.45,7.19,7.35,1129700
2019-08-22,7.39,7.51,7.29,7.37,673500
2019-08-23,7.34,7.43,7,7.01,752500
2019-08-26,7.05,7.11,6.8,6.84,834400
2019-08-27,6.9,6.92,6.57,6.6,612100
2019-08-28,6.6,6.76,6.55,6.7,663800
2019-08-29,6.76,6.85,6.7,6.72,466300
2019-08-30,6.74,6.8,6.59,6.68,649300
2019-09-03,6.63,6.72,6.52,6.6,679600
2019-09-04,6.61,6.75,6.53,6.55,932100
2019-09-05,6.65,6.88,6.52,6.74,978900
2019-09-06,6.8,6.84,6.69,6.79,664700
2019-09-09,6.84,6.94,6.78,6.9,885600
2019-09-10,6.9,7.2,6.84,7.07,1322600
2019-09-11,7.09,7.42,7.06,7.4,1066600
2019-09-12,7.38,7.58,7.29,7.45,1253700
2019-09-13,7.45,7.76,7.43,7.67,1387500
2019-09-16,7.7,7.91,7.62,7.86,1396600
2019-09-17,7.8,7.85,7.5,7.58,831000
2019-09-18,7.6,7.62,7.34,7.44,1043600
2019-09-19,7.41,7.67,7.39,7.41,849700
2019-09-20,7.43,7.65,7.29,7.61,1674700
2019-09-23,7.55,7.64,7.44,7.55,655400
2019-09-24,7.59,7.66,7.3,7.41,1651200
2019-09-25,7.39,7.7,7.32,7.67,1111800
2019-09-26,7.67,7.69,7.42,7.49,668800
2019-09-27,7.51,7.59,7.36,7.36,578800
2019-09-30,7.38,7.43,7.27,7.28,1042400
2019-10-01,7.31,7.39,6.91,6.92,837700
2019-10-02,6.8,6.94,6.75,6.83,717300
2019-10-03,6.77,7,6.71,6.95,709300
2019-10-04,6.96,7.33,6.94,7.3,1757700
2019-10-07,7.25,7.43,7.14,7.19,2403500
2019-10-08,7.2,7.2,7.02,7.11,808600
2019-10-09,7.15,7.19,7.03,7.14,634300
2019-10-10,7.14,7.24,7.08,7.17,766500
2019-10-11,7.28,7.43,7.28,7.33,564400
2019-10-14,7.28,7.29,6.89,7.06,807800
2019-10-15,7.06,7.35,7.06,7.31,1622000
2019-10-16,7.18,7.32,7.03,7.05,1221700
2019-10-17,7.12,7.38,7.12,7.38,810800
2019-10-18,7.35,7.42,7.27,7.35,736900
2019-10-21,7.43,7.56,7.4,7.44,732800
2019-10-22,7.44,7.48,7.22,7.23,628400
2019-10-23,7.26,7.35,7.14,7.18,460300
2019-10-24,7.18,7.19,6.96,7.16,1036000
2019-10-25,7.13,7.34,7.13,7.33,861700
2019-10-28,7.35,7.54,7.3,7.3,827900
2019-10-29,7.23,7.61,7.23,7.57,2002800
2019-10-30,7.95,7.95,6.81,6.89,4004100
2019-10-31,6.81,6.81,6.24,6.44,3724400
2019-11-01,6.4,6.58,6.31,6.52,2827200
2019-11-04,6.55,6.78,6.53,6.54,2329200
2019-11-05,6.63,6.89,6.61,6.76,2056600
2019-11-06,6.78,6.78,6.64,6.65,1315800
2019-11-07,6.75,6.82,6.65,6.7,1201100
2019-11-08,6.68,6.95,6.58,6.94,1511700
2019-11-11,6.83,6.96,6.75,6.8,1053400
2019-11-12,6.85,6.92,6.7,6.74,1604900
2019-11-13,6.68,6.77,6.5,6.66,2225400
2019-11-14,6.57,6.59,6.42,6.58,1508800
2019-11-15,6.65,6.7,6.44,6.65,1244100
2019-11-18,6.62,6.83,6.53,6.74,2202600
2019-11-19,6.79,6.85,6.41,6.41,1586400
2019-11-20,6.35,6.61,6.2,6.52,1690400
2019-11-21,6.54,6.6,6.39,6.52,1000700
2019-11-22,6.57,6.79,6.51,6.65,1301300
2019-11-25,6.65,6.99,6.63,6.96,1439400
2019-11-26,6.96,7,6.77,6.9,1194500
2019-11-27,6.95,7.05,6.9,7.05,956900
2019-11-29,7,7.05,6.93,7.03,385000
2019-12-02,7.02,7.02,6.79,6.94,1329000
2019-12-03,6.84,6.85,6.65,6.78,1432600
2019-12-04,6.86,6.96,6.78,6.88,1295600
2019-12-05,6.84,6.88,6.78,6.8,797200
2019-12-06,6.8,6.97,6.8,6.87,962000
2019-12-09,6.84,6.91,6.78,6.86,665200
2019-12-10,6.84,6.99,6.78,6.88,1618500
2019-12-11,6.9,6.92,6.43,6.66,3440800
2019-12-12,6.68,6.89,6.66,6.81,1585300
2019-12-13,6.79,7.06,6.78,6.99,1802100
2019-12-16,7.07,7.14,7.04,7.07,1583200
2019-12-17,7.06,7.31,7.02,7.27,2056800
2019-12-18,7.31,7.45,7.29,7.35,1594300
2019-12-19,7.36,7.51,7.26,7.49,1540400
2019-12-20,7.5,7.51,7.35,7.48,3202400
2019-12-23,7.48,7.63,7.42,7.59,961900
2019-12-24,7.62,7.62,7.49,7.52,303600
2019-12-26,7.54,7.61,7.44,7.46,1094200
2019-12-27,7.51,7.51,7.35,7.37,658200
2019-12-30,7.34,7.45,7.24,7.35,814200
2019-12-31,7.28,7.45,7.28,7.37,1168900
2020-01-02,7.46,7.55,7.25,7.34,1063600
2020-01-03,7.19,7.37,7.19,7.33,997900
2020-01-06,7.2,7.33,7.16,7.25,891900
2020-01-07,7.23,7.35,7.19,7.32,890500
2020-01-08,7.34,7.51,7.3,7.39,1382400
2020-01-09,7.45,7.48,7.29,7.37,849100
2020-01-10,7.36,7.46,7.24,7.28,1030000
2020-01-13,7.32,7.45,7.25,7.42,721300
2020-01-14,7.43,7.58,7.38,7.51,1131000
2020-01-15,7.45,7.71,7.44,7.66,1309400
2020-01-16,7.75,7.95,7.74,7.92,1454300
2020-01-17,7.99,8,7.84,7.92,975100
2020-01-21,7.8,7.83,7.57,7.59,1463900
2020-01-22,7.64,7.69,7.54,7.55,1106700
2020-01-23,7.52,7.55,7.4,7.51,1218800
2020-01-24,7.55,7.72,7.38,7.69,1918900
2020-01-27,7.48,7.66,7.38,7.61,1589200
2020-01-28,7.61,7.76,7.21,7.26,2459200
2020-01-29,6.5,7.18,6.35,6.35,4791300
2020-01-30,6.37,6.45,6.05,6.11,2649600
2020-01-31,6.05,6.1,5.85,5.9,3328600
2020-02-03,5.91,5.99,5.8,5.86,1753100
2020-02-04,5.95,6.01,5.75,5.79,1362400
2020-02-05,5.87,6.18,5.8,6.05,1996800
2020-02-06,6.1,6.28,5.98,6.08,1183500
2020-02-07,6.06,6.12,5.91,5.96,1306600
2020-02-10,5.93,6.15,5.89,6.12,1397300
2020-02-11,6.16,6.29,6.06,6.12,1146900
2020-02-12,6.18,6.38,6.18,6.34,1808900
2020-02-13,6.41,6.71,6.4,6.5,1318900
2020-02-14,6.47,6.53,6.28,6.42,1216200
2020-02-18,6.21,6.4,6.18,6.38,1034300
2020-02-19,6.33,6.46,6.27,6.43,877400
2020-02-20,6.4,6.53,6.38,6.48,1163900
2020-02-21,6.46,6.46,6.22,6.29,848100
2020-02-24,6.01,6.11,5.95,6.03,1905400
2020-02-25,6.06,6.1,5.64,5.7,1030200
2020-02-26,5.72,5.81,5.47,5.54,1245900
2020-02-27,5.38,5.43,5.08,5.08,1563700
2020-02-28,4.99,5.17,4.9,5.03,3284000
2020-03-02,5.05,5.13,4.95,5.12,1305600
2020-03-03,5.11,5.22,4.78,4.9,1300000
2020-03-04,5.02,5.08,4.81,5.06,1505600
2020-03-05,4.93,5.03,4.77,4.85,2811800
2020-03-06,4.71,4.93,4.68,4.82,1837000
2020-03-09,4.44,4.66,4.33,4.39,1220200
2020-03-10,4.59,4.64,4.26,4.37,2043100
2020-03-11,4.22,4.37,3.94,3.98,1663200
2020-03-12,3.66,3.73,3.13,3.15,3764100
2020-03-13,3.3,3.66,3.08,3.65,3743100
2020-03-16,3.25,3.43,2.64,2.65,3069700
2020-03-17,2.74,2.8,2.06,2.1,2900100
2020-03-18,2.07,2.1,1.43,1.88,4442000
2020-03-19,1.88,2.42,1.88,2.33,2840700
2020-03-20,2.3,2.4,2.1,2.27,2896900
2020-03-23,2.29,2.5,2.07,2.5,1497200
2020-03-24,2.68,3.08,2.68,3.03,1982100
2020-03-25,3.01,3.26,2.71,3.15,1311500
2020-03-26,3.14,3.43,3.06,3.25,1457100
2020-03-27,3.1,3.1,2.91,2.97,1172800
2020-03-30,3.03,3.12,2.75,3.05,1123200
2020-03-31,3.05,3.18,2.97,3.09,1415100
2020-04-01,2.92,2.96,2.66,2.75,2057500
2020-04-02,2.78,2.87,2.69,2.72,1185600
2020-04-03,2.72,2.79,2.41,2.43,1765400
2020-04-06,2.59,2.73,2.58,2.72,2174800
2020-04-07,2.81,3,2.69,2.71,3386500
2020-04-08,2.78,3.15,2.72,3.13,2217500
2020-04-09,3.15,3.24,2.8,2.86,2598000
2020-04-13,2.89,2.99,2.63,2.72,1405600
2020-04-14,2.84,3.19,2.79,3.17,5048900
2020-04-15,2.96,3.04,2.82,2.86,1275400
2020-04-16,2.92,2.95,2.73,2.76,1538800
2020-04-17,2.91,3.01,2.76,2.89,1443100
2020-04-20,2.93,3.05,2.85,3,1035800
2020-04-21,2.9,2.96,2.82,2.86,726400
2020-04-22,2.95,2.95,2.84,2.85,756500
2020-04-23,2.86,3.07,2.85,3.02,945400
2020-04-24,3.06,3.11,3,3.07,1630700
2020-04-27,3.06,3.15,3.06,3.1,863400
2020-04-28,3.23,3.5,3.18,3.27,1104600
2020-04-29,3.43,3.74,3.37,3.64,2167200
2020-04-30,3.54,3.58,3.37,3.4,1527600
2020-05-01,3.31,3.38,3.13,3.2,1091700
2020-05-04,3.1,3.24,2.95,3.19,954500
2020-05-05,3.25,3.4,3.15,3.19,1909900
2020-05-06,3.21,3.28,3.07,3.07,809200
2020-05-07,3.13,3.25,3.11,3.2,1119900
2020-05-08,3.24,3.37,3.19,3.37,1363200
2020-05-11,3.29,3.31,3.12,3.21,1964800
2020-05-12,3.3,3.62,3.25,3.32,2564000
2020-05-13,3.22,3.41,2.98,3.02,2339200
2020-05-14,3.01,3.02,2.75,2.92,1573500
2020-05-15,2.91,2.96,2.85,2.9,775600
2020-05-18,2.99,3.26,2.99,3.19,2968800
2020-05-19,3.18,3.25,3.05,3.11,1147000
2020-05-20,3.2,3.28,3.12,3.26,2829200
2020-05-21,3.24,3.32,3.18,3.24,585400
2020-05-22,3.26,3.33,3.13,3.32,742900
2020-05-26,3.47,3.55,3.34,3.35,1204500
2020-05-27,3.47,3.6,3.38,3.57,1095400
2020-05-28,3.6,3.66,3.46,3.47,1210700
2020-05-29,3.4,3.45,3.24,3.3,1282000
2020-06-01,3.32,3.62,3.31,3.57,1267300
2020-06-02,3.77,4.07,3.7,3.9,2325000
2020-06-03,4.02,4.21,3.97,4.11,2032200
2020-06-04,4.1,4.44,4.09,4.11,1796500
2020-06-05,4.73,5.26,4.67,5.1,3817700
2020-06-08,5.2,5.36,5.01,5.07,2268100
2020-06-09,5.06,5.06,4.72,4.74,2085600
2020-06-10,4.75,4.8,4.55,4.61,1776400
2020-06-11,4.5,4.59,4.2,4.22,1669300
2020-06-12,4.4,4.6,4.25,4.5,2164600
2020-06-15,4.22,4.36,4.11,4.28,1452600
2020-06-16,4.55,4.83,4.52,4.6,1350800
2020-06-17,4.71,4.75,4.35,4.37,1189100
2020-06-18,4.25,4.42,4.24,4.33,1013100
2020-06-19,4.39,4.43,4.24,4.25,2173500
2020-06-22,4.26,4.42,4.19,4.4,765300
2020-06-23,4.45,4.5,4.33,4.41,889800
2020-06-24,4.36,4.45,4.11,4.22,1278700
2020-06-25,4.17,4.26,4.1,4.26,1892000
2020-06-26,4.22,4.25,4.07,4.13,1554700
2020-06-29,4.2,4.32,4.11,4.31,1173300
2020-06-30,4.26,4.38,4.22,4.34,774000
2020-07-01,4.37,4.41,4.13,4.14,839400
2020-07-02,4.24,4.26,4.08,4.12,785600
2020-07-06,4.25,4.25,4.13,4.19,741000
2020-07-07,4.16,4.2,3.83,3.87,1292200
2020-07-08,3.93,4.09,3.84,4.07,2598900
2020-07-09,4.08,4.1,3.96,4.02,728800
2020-07-10,4,4.09,3.92,4.07,457800
2020-07-13,4.15,4.15,3.88,3.9,935400
2020-07-14,3.91,4.11,3.82,4.11,1271100
2020-07-15,4.36,4.5,4.33,4.47,1681000
2020-07-16,4.46,4.56,4.32,4.54,758200
2020-07-17,4.55,4.62,4.43,4.47,903700
2020-07-20,4.45,4.52,4.38,4.4,564200
2020-07-21,4.5,4.73,4.5,4.55,1608000
2020-07-22,4.52,4.7,4.52,4.61,432900
2020-07-23,4.58,4.7,4.54,4.62,629100
2020-07-24,4.6,4.6,4.44,4.45,689400
2020-07-27,4.46,4.56,4.4,4.54,1137500
2020-07-28,4.52,4.55,4.34,4.34,522000
2020-07-29,4.36,4.63,4.36,4.6,849800
2020-07-30,4.45,4.51,4.32,4.5,590900
2020-07-31,4.46,4.56,4.29,4.55,920100
2020-08-03,4.59,4.67,4.48,4.59,853800
2020-08-04,4.57,4.87,4.56,4.75,1242900
2020-08-05,5.08,5.47,4.86,5.02,4222100
2020-08-06,5.11,5.33,4.95,4.97,1577800
2020-08-07,4.92,5.03,4.82,4.99,958000
2020-08-10,5,5.05,4.69,4.81,948800
2020-08-11,4.89,5.09,4.89,4.99,1391000
2020-08-12,5.05,5.09,4.77,4.87,1169900
2020-08-13,4.85,4.92,4.7,4.81,1022600
2020-08-14,4.77,4.79,4.61,4.68,537100
2020-08-17,4.5,4.61,4.49,4.52,872400
2020-08-18,4.5,4.6,4.41,4.56,894800
2020-08-19,4.56,4.64,4.49,4.53,1102600
2020-08-20,4.47,4.54,4.4,4.49,694400
2020-08-21,4.48,4.52,4.38,4.44,1208500
2020-08-24,4.46,4.54,4.41,4.5,1141100
2020-08-25,4.51,4.54,4.44,4.51,913700
2020-08-26,4.52,4.63,4.45,4.49,1051700
2020-08-27,4.54,4.58,4.44,4.5,779600
2020-08-28,4.52,4.58,4.41,4.5,1290200
2020-08-31,4.47,4.51,4.33,4.37,1696600
2020-09-01,4.35,4.48,4.26,4.47,1030300
2020-09-02,4.49,4.67,4.42,4.63,2840800
2020-09-03,4.69,4.69,4.17,4.25,1636400
2020-09-04,4.31,4.37,3.94,4.06,1354800
2020-09-08,4,4.11,3.93,3.94,769800
2020-09-09,4.02,4.1,3.85,3.89,886000
2020-09-10,3.9,3.97,3.85,3.86,993200
2020-09-11,4,4.03,3.79,3.82,732100
2020-09-14,3.87,3.96,3.76,3.96,1375700
2020-09-15,4.02,4.19,4.01,4.09,758400
2020-09-16,4.1,4.22,4.09,4.1,757800
2020-09-17,4.01,4.15,3.95,4.12,787000
2020-09-18,4.18,4.22,4.06,4.16,2240700
2020-09-21,4,4.06,3.92,4.01,815200
2020-09-22,4.02,4.15,3.96,4.12,530500
2020-09-23,4.1,4.14,3.84,3.86,967700
2020-09-24,3.87,3.93,3.73,3.8,1150500
2020-09-25,3.76,3.93,3.74,3.88,841900
2020-09-28,3.96,4.16,3.96,4.09,1135200
2020-09-29,4.09,4.16,4.02,4.15,754900
2020-09-30,4.15,4.21,4.02,4.02,1019200
2020-10-01,4.03,4.06,3.93,4.01,744300
2020-10-02,3.84,4.02,3.84,4,406700
2020-10-05,4.05,4.13,4.02,4.07,361600
2020-10-06,4.11,4.15,3.96,3.99,729200
2020-10-07,4.03,4.09,4,4.07,532600
2020-10-08,4.14,4.16,4.04,4.11,560400
2020-10-09,4.7,4.96,4.51,4.61,3548500
2020-10-12,4.6,4.93,4.53,4.72,1616700
2020-10-13,4.68,4.74,4.51,4.52,1045900
2020-10-14,4.56,4.64,4.42,4.43,530600
2020-10-15,4.4,4.57,4.3,4.56,608700
2020-10-16,4.55,4.58,4.4,4.4,668100
2020-10-19,4.47,4.5,4.39,4.41,700300
2020-10-20,4.48,4.62,4.41,4.58,553300
2020-10-21,4.61,4.62,4.49,4.49,502800
2020-10-22,4.49,4.62,4.43,4.58,580600
2020-10-23,4.6,4.68,4.51,4.65,440200
2020-10-26,4.57,4.64,4.5,4.62,1395300
2020-10-27,4.62,4.74,4.51,4.72,1322200
2020-10-28,4.6,4.74,4.4,4.6,1376900
2020-10-29,4.61,4.67,4.42,4.48,851700
2020-10-30,4.42,4.46,4.03,4.06,1316900
2020-11-02,4.07,4.15,3.93,3.95,2261800
2020-11-03,4.08,4.4,4.02,4.33,1665600
2020-11-04,4.24,4.44,4.24,4.28,553600
2020-11-05,4.32,4.49,4.32,4.47,676500
2020-11-06,4.5,4.5,4.39,4.41,573900
2020-11-09,4.65,4.92,4.58,4.7,1612700
2020-11-10,4.8,5.03,4.76,4.8,2467600
2020-11-11,4.81,4.98,4.78,4.98,683500
2020-11-12,4.9,4.97,4.77,4.78,1433700
2020-11-13,4.86,5.09,4.86,5.06,808100
2020-11-16,5.1,5.34,5.08,5.3,1268900
2020-11-17,5.35,5.59,5.24,5.46,1102300
2020-11-18,5.54,5.98,5.5,5.91,2109300
2020-11-19,5.82,5.82,5.58,5.71,1015600
2020-11-20,5.64,5.73,5.54,5.61,680900
2020-11-23,5.65,5.86,5.65,5.82,904900
2020-11-24,5.96,6.02,5.73,5.89,1105700
2020-11-25,5.85,5.89,5.71,5.75,577400
2020-11-27,5.75,5.84,5.7,5.76,322200
2020-11-30,5.71,5.73,5.55,5.62,707500
2020-12-01,5.69,5.81,5.63,5.8,972300
2020-12-02,5.78,5.94,5.69,5.88,623600
2020-12-03,5.9,6.09,5.85,6,1038700
2020-12-04,6.08,6.33,5.98,6.26,666000
2020-12-07,6.21,6.28,6.07,6.19,461000
2020-12-08,6.12,6.36,6.08,6.32,830000
2020-12-09,6.27,6.31,6,6.05,712400
2020-12-10,5.98,6.38,5.96,6.3,1276600
2020-12-11,6.21,6.34,6.12,6.3,660000
2020-12-14,6.47,6.71,6.34,6.36,1646300
2020-12-15,6.38,6.59,6.32,6.57,1040500
2020-12-16,6.57,6.8,6.57,6.63,793100
2020-12-17,6.63,7.01,6.62,6.98,1672100
2020-12-18,7,7.26,7,7.13,3428200
2020-12-21,6.74,7.06,6.72,7.04,1818900
2020-12-22,7.13,7.21,7,7.02,631400
2020-12-23,7.04,7.12,6.97,7.05,844400
2020-12-24,7.1,7.1,6.91,7,537400
2020-12-28,7.06,7.19,6.92,7,1108200
2020-12-29,7.01,7.05,6.69,6.76,1039600
2020-12-30,6.76,6.92,6.73,6.85,705700
2020-12-31,6.87,6.91,6.74,6.89,435500
2021-01-04,6.96,7.03,6.73,6.93,1113600
2021-01-05,6.92,7.29,6.92,7.24,998100
2021-01-06,7.37,7.61,7.19,7.47,1443900
2021-01-07,7.46,7.55,7.32,7.5,1004300
2021-01-08,7.54,7.7,7.47,7.55,707500
2021-01-11,7.38,7.65,7.38,7.61,639400
2021-01-12,7.65,7.85,7.56,7.82,502600
2021-01-13,7.83,7.83,7.62,7.67,573300
2021-01-14,7.68,7.92,7.67,7.77,550700
2021-01-15,7.69,7.9,7.65,7.76,917100
2021-01-19,7.87,8.05,7.65,7.93,976300
2021-01-20,8,8.02,7.88,7.99,680900
2021-01-21,8.04,8.04,7.88,7.93,882600
2021-01-22,7.82,7.84,7.62,7.79,1179600
2021-01-25,7.82,7.95,7.7,7.83,1157600
2021-01-26,7.85,7.94,7.69,7.78,1839800
2021-01-27,7.77,7.8,6.95,7.5,1865300
2021-01-28,8.2,9.09,7.98,8.4,3188800
2021-01-29,8.35,8.47,7.9,8.09,1773400
2021-02-01,8.19,9.06,8.18,8.8,2202100
2021-02-02,8.82,8.85,8.43,8.57,1441700
2021-02-03,8.61,8.78,8.43,8.75,1055000
2021-02-04,8.75,8.94,8.7,8.92,1090400
2021-02-05,9,9.23,8.86,9.22,1311700
2021-02-08,9.35,10.07,9.33,10.05,3754600
2021-02-09,10.24,10.52,9.9,10.4,2072200
2021-02-10,10.58,11.12,10.01,10.23,2000600
2021-02-11,10.27,10.3,9.6,9.69,1535200
2021-02-12,9.6,9.7,9.46,9.69,1033700
2021-02-16,9.65,9.89,9.4,9.5,1856200
2021-02-17,9.51,9.73,9.32,9.65,1709100
2021-02-18,9.58,9.66,9.47,9.65,1292400
2021-02-19,9.75,9.8,9.43,9.47,1083600
2021-02-22,9.46,9.97,9.32,9.8,1814900
2021-02-23,9.52,9.82,9.12,9.7,2263600
2021-02-24,9.77,9.91,9.31,9.36,1459500
2021-02-25,9.3,9.54,9.16,9.25,1215500
2021-02-26,9.27,9.39,8.97,9.17,1516600
2021-03-01,9.35,9.53,9.21,9.51,919600
2021-03-02,9.46,9.49,9.08,9.08,758700
2021-03-03,9,9.13,8.65,8.7,1125500
2021-03-04,8.64,8.72,8.06,8.26,1438000
2021-03-05,8.33,8.42,7.82,8.16,2301600
2021-03-08,8.17,8.34,7.97,8.18,3109500
2021-03-09,8.35,8.97,8.34,8.91,3486100
2021-03-10,9.01,9.15,8.76,8.86,2003600
2021-03-11,9.04,9.43,8.98,9.39,1106400
2021-03-12,9.38,9.47,9.27,9.32,812800
2021-03-15,9.37,9.41,9.16,9.36,997000
2021-03-16,9.44,9.78,9.39,9.7,1445600
2021-03-17,9.59,9.85,9.51,9.85,1001500
2021-03-18,9.76,9.82,9.19,9.21,1042200
2021-03-19,9.16,9.36,9.03,9.26,1839100
2021-03-22,9.25,9.32,9.1,9.16,1077500
2021-03-23,9.1,9.19,8.5,8.58,1081300
2021-03-24,8.65,8.82,8.3,8.31,993600
2021-03-25,8.21,8.61,8.16,8.55,939500
2021-03-26,8.53,8.87,8.53,8.87,936100
2021-03-29,8.75,8.94,8.4,8.47,1342500
2021-03-30,8.47,8.73,8.37,8.65,778100
2021-03-31,8.68,8.88,8.68,8.75,1357600
2021-04-01,8.84,9.01,8.78,8.86,805700
2021-04-05,8.97,9.03,8.8,8.91,579800
2021-04-06,8.88,8.9,8.66,8.85,755700
2021-04-07,8.85,9.09,8.83,9.05,1044800
2021-04-08,9.09,9.33,8.97,9.33,942800
2021-04-09,9.27,9.42,9.22,9.41,948200
2021-04-12,9.37,9.49,9.23,9.48,837300
2021-04-13,9.5,9.55,9.32,9.49,924000
2021-04-14,9.49,9.69,9.45,9.52,1531100
2021-04-15,9.65,9.65,9.39,9.6,679700
2021-04-16,9.63,9.66,9.45,9.59,2679400
2021-04-19,9.54,9.55,9.39,9.5,1090800
2021-04-20,9.41,9.42,8.98,9.21,2671700
2021-04-21,9.17,9.65,9.15,9.64,888600
2021-04-22,9.63,9.79,9.56,9.58,1124800
2021-04-23,9.6,9.99,9.52,9.93,928400
2021-04-26,9.98,10.04,9.89,10.01,1052200
2021-04-27,9.96,10.31,9.96,10.28,1574100
2021-04-28,10.38,10.88,10.25,10.69,2184000
2021-04-29,10.81,12.06,10.8,12.01,5155300
2021-04-30,11.83,12.02,11.25,11.38,2706200
2021-05-03,11.58,11.71,11.19,11.34,2400500
2021-05-04,11.11,11.31,10.73,10.86,1491100
2021-05-05,11.11,11.11,10.74,10.95,1140300
2021-05-06,10.89,11.09,10.75,11.09,1509900
2021-05-07,11.01,11.52,11.01,11.42,991300
2021-05-10,11.2,11.47,10.63,10.63,1626300
2021-05-11,10.22,10.48,9.96,10.22,1859700
2021-05-12,10.07,10.22,9.72,9.79,1479000
2021-05-13,9.86,10.1,9.43,9.8,1316400
2021-05-14,9.93,10.24,9.82,10.14,907900
2021-05-17,10,10.22,9.9,10.19,791400
2021-05-18,10.21,10.63,10.2,10.54,1514200
2021-05-19,10.33,10.91,10.31,10.86,1659300
2021-05-20,11,11.76,10.88,11.74,2124700
2021-05-21,11.8,12.02,11.34,11.36,1842600
2021-05-24,11.49,11.58,11.24,11.32,821000
2021-05-25,11.32,11.48,11.1,11.1,703300
2021-05-26,11.11,11.43,11.1,11.38,959200
2021-05-27,11.47,11.59,11.37,11.42,841000
2021-05-28,11.57,11.6,11.29,11.44,607500
2021-06-01,11.46,11.57,11.24,11.5,988200
2021-06-02,11.5,11.54,11.27,11.41,1076400
2021-06-03,11.35,11.42,11.1,11.33,1061100
2021-06-04,11.19,11.49,11.19,11.47,526200
2021-06-07,11.5,11.76,11.47,11.54,1044100
2021-06-08,11.56,11.66,11.44,11.6,672200
2021-06-09,11.67,11.7,11.23,11.26,673700
2021-06-10,11.28,11.39,11.03,11.24,718500
2021-06-11,11.3,11.5,11.3,11.48,582600
2021-06-14,11.48,11.51,11.23,11.34,837000
2021-06-15,11.3,11.6,11.29,11.46,739800
2021-06-16,11.43,11.43,11.01,11.21,541800
2021-06-17,11.17,11.3,10.89,11.09,653500
2021-06-18,10.84,10.92,10.34,10.41,2383200
2021-06-21,10.58,10.76,10.47,10.67,714100
2021-06-22,10.46,10.95,10.39,10.92,2037600
2021-06-23,10.97,11.09,10.87,10.92,587100
2021-06-24,11.08,11.2,10.99,11.1,967800
2021-06-25,11.38,11.38,10.98,11.28,2187600
2021-06-28,11.23,11.3,11,11.07,603300
2021-06-29,11.08,11.2,10.96,11.2,494600
2021-06-30,11.14,11.18,10.96,11.16,767400
2021-07-01,11.22,11.6,11.14,11.51,1512200
2021-07-02,11.77,11.77,11.05,11.21,743300
2021-07-06,11.31,11.31,10.7,10.99,717600
2021-07-07,11.03,11.12,10.74,11.06,1212800
2021-07-08,10.68,11.16,10.61,10.93,712900
2021-07-09,11.04,11.23,10.95,11.16,898200
2021-07-12,11.15,11.18,10.9,10.97,693500
2021-07-13,10.9,11.1,10.9,10.98,630100
2021-07-14,11.05,11.21,10.9,11.17,987100
2021-07-15,11.1,11.16,10.74,10.9,1047500
2021-07-16,10.96,10.96,10.51,10.53,782000
2021-07-19,9.79,10.3,9.53,9.56,1878700
2021-07-20,9.58,10.2,9.58,10.07,1265100
2021-07-21,10.16,10.39,10.07,10.39,620400
2021-07-22,10.4,10.4,10.01,10.09,538300
2021-07-23,10.23,10.24,9.97,10.21,474900
2021-07-26,10.24,10.3,10.05,10.25,767100
2021-07-27,10.24,10.24,9.67,9.8,934600
2021-07-28,9.9,10.55,9.51,10.43,1621900
2021-07-29,10.96,11.49,10.88,11.24,1794400
2021-07-30,10.98,11.22,10.88,11.01,1254300
2021-08-02,11.09,11.62,11.06,11.12,921900
2021-08-03,11.12,11.47,10.87,11.42,843500
2021-08-04,11.33,11.33,10.84,10.88,772100
2021-08-05,10.91,11.32,10.81,11.19,744200
2021-08-06,11.18,11.43,11.17,11.39,645200
2021-08-09,11.38,11.41,11.16,11.18,398000
2021-08-10,11.39,12.29,11.35,11.56,1091000
2021-08-11,11.53,11.56,11.04,11.33,740400
2021-08-12,11.33,11.35,11.1,11.19,459300
2021-08-13,11.19,11.2,11.03,11.05,306800
2021-08-16,10.64,10.96,10.62,10.75,1129600
2021-08-17,10.56,10.72,10.48,10.56,692000
2021-08-18,10.44,10.72,10.37,10.38,639200
2021-08-19,10.18,10.46,10.12,10.46,939300
2021-08-20,10.4,10.6,10.27,10.59,492700
2021-08-23,10.84,10.9,10.65,10.7,520500
2021-08-24,10.76,11,10.73,10.94,635800
2021-08-25,10.97,11.08,10.85,10.86,522800
2021-08-26,10.83,10.94,10.66,10.69,519800
2021-08-27,10.72,11.17,10.69,11.03,908000
2021-08-30,11.08,11.12,10.87,10.96,724200
2021-08-31,11,11,10.74,10.83,578500
2021-09-01,10.88,10.91,10.64,10.82,671000
2021-09-02,10.9,11.28,10.87,11.01,728500
2021-09-03,11,11.08,10.77,10.83,482100
2021-09-07,10.78,10.87,10.51,10.55,828500
2021-09-08,10.48,10.48,10.08,10.22,864100
2021-09-09,10.25,10.48,10.18,10.26,491000
2021-09-10,10.31,10.4,10.06,10.08,570400
